1716990328.063330940 0.062361 -0.302405 1.272756 -0.682467 -0.039760 0.729164 -0.031265
1716990328.130422940 0.034384 -0.259511 1.282937 -0.687037 -0.031548 0.724025 -0.052654
1716990328.197228940 0.016705 -0.219328 1.287216 -0.689178 -0.025655 0.720911 -0.068283
1716990328.264391940 0.003066 -0.175982 1.284759 -0.687968 -0.018922 0.720521 -0.084806
1716990328.331457940 -0.038822 -0.134809 1.308096 -0.693330 -0.020080 0.712851 -0.103605
1716990328.398329940 -0.042897 -0.133333 1.316878 -0.689262 -0.035131 0.716012 -0.104926
1716990328.465450940 -0.015818 -0.155207 1.296362 -0.669735 -0.038180 0.735071 -0.098332
1716990328.532363940 -0.026100 -0.153974 1.319328 -0.664968 -0.037896 0.737870 -0.109225
1716990328.599403940 -0.047348 -0.149514 1.349894 -0.666935 -0.051478 0.735781 -0.105707
1716990328.666310940 -0.030070 -0.156130 1.341200 -0.651738 -0.063140 0.749232 -0.099515
1716990328.733238940 -0.029096 -0.159225 1.355300 -0.642285 -0.066521 0.756067 -0.106807
1716990328.800289940 -0.061018 -0.154096 1.397976 -0.649704 -0.068567 0.749464 -0.107179
1716990328.867135940 -0.050932 -0.146031 1.399030 -0.643558 -0.070989 0.756180 -0.094791
1716990328.934203940 -0.039498 -0.135086 1.392660 -0.641001 -0.064136 0.760204 -0.084228
1716990329.001306940 -0.056289 -0.126172 1.410588 -0.644701 -0.058856 0.758356 -0.076111
1716990329.068287940 -0.046375 -0.116604 1.411405 -0.639910 -0.052137 0.764234 -0.061175
1716990329.135229940 -0.036884 -0.107429 1.415002 -0.638350 -0.045769 0.766478 -0.054090
1716990329.202225940 -0.044469 -0.101637 1.417131 -0.643156 -0.041507 0.763023 -0.049221
1716990329.269295940 -0.042715 -0.100535 1.416157 -0.638614 -0.037135 0.767290 -0.045382
1716990329.336296940 -0.050928 -0.100770 1.419859 -0.633641 -0.031493 0.771842 -0.042044
1716990329.403191940 -0.067790 -0.102298 1.433178 -0.631196 -0.025650 0.774324 -0.036832
1716990329.470155940 -0.082300 -0.101757 1.433831 -0.614934 -0.024551 0.787201 -0.039601
1716990329.537082940 -0.120942 -0.098316 1.458176 -0.609291 -0.023600 0.791508 -0.041501
1716990329.604180940 -0.120569 -0.094207 1.466645 -0.596740 -0.022154 0.801296 -0.036531
1716990329.671135940 -0.117640 -0.101542 1.470777 -0.588734 -0.013624 0.807612 -0.031139
1716990329.738102940 -0.152252 -0.105880 1.491424 -0.590675 -0.005782 0.806463 -0.026191
1716990329.805122940 -0.168062 -0.111632 1.501984 -0.585772 0.003599 0.810298 -0.016602
1716990329.872120940 -0.177753 -0.114425 1.511275 -0.581210 0.013840 0.813624 -0.004436
1716990329.939181940 -0.182833 -0.117551 1.519351 -0.578108 0.020829 0.815637 0.009698
1716990330.006150940 -0.224642 -0.151446 1.516055 -0.583917 0.025018 0.810348 0.041837
1716990330.073059940 -0.249958 -0.184712 1.508111 -0.583065 0.026821 0.809828 0.059111
1716990330.140000940 -0.302840 -0.211668 1.513482 -0.591158 0.023784 0.802983 0.072006
1716990330.206858940 -0.337822 -0.242153 1.503143 -0.590517 0.018475 0.802422 0.084070
1716990330.274117940 -0.360069 -0.270488 1.505157 -0.587239 0.013857 0.804786 0.085313
1716990330.341028940 -0.411662 -0.295380 1.498113 -0.591939 0.004915 0.801039 0.088999
1716990330.408038940 -0.447510 -0.314729 1.498990 -0.591413 -0.000867 0.801214 0.091026
1716990330.474976940 -0.463487 -0.336294 1.496679 -0.589987 -0.003037 0.801833 0.094704
1716990330.541962940 -0.489070 -0.350507 1.485796 -0.589603 -0.004913 0.801718 0.097942
1716990330.608982940 -0.494396 -0.358642 1.483951 -0.584055 -0.005131 0.805852 0.097241
1716990330.675987940 -0.512241 -0.366695 1.482617 -0.585459 -0.007549 0.804928 0.096283
1716990330.742859940 -0.527379 -0.374996 1.480678 -0.582494 -0.008732 0.807379 0.093617
1716990330.809866940 -0.549949 -0.381980 1.487523 -0.584436 -0.011196 0.806357 0.089983
1716990330.876736940 -0.553986 -0.377882 1.500316 -0.578976 -0.003304 0.811303 0.081010
1716990330.943861940 -0.603252 -0.368665 1.527883 -0.585468 -0.005759 0.807763 0.068646
1716990331.010957940 -0.621200 -0.363080 1.542099 -0.581820 -0.006576 0.810965 0.061470
1716990331.077876940 -0.647419 -0.360686 1.557708 -0.584401 -0.011863 0.809374 0.056992
1716990331.144880940 -0.626878 -0.358657 1.568764 -0.560430 -0.014964 0.826740 0.046855
1716990331.211866940 -0.686828 -0.347444 1.590278 -0.569220 -0.034132 0.820550 0.039009
1716990331.278964940 -0.691271 -0.362591 1.539043 -0.556654 -0.038467 0.828420 0.048750
1716990331.345868940 -0.705424 -0.352627 1.555305 -0.554085 -0.040335 0.830896 0.031215
1716990331.412758940 -0.737282 -0.367284 1.555678 -0.564334 -0.048271 0.823874 0.020714
1716990331.479824940 -0.768822 -0.384927 1.523733 -0.567178 -0.046937 0.821955 0.022263
1716990331.546669940 -0.810193 -0.402284 1.508970 -0.569719 -0.053610 0.819911 0.017112
1716990331.613730940 -0.838783 -0.421144 1.470559 -0.562606 -0.057150 0.824413 0.023482
1716990331.680818940 -0.880861 -0.424361 1.485496 -0.566218 -0.056184 0.821995 0.023777
1716990331.747727940 -0.943452 -0.430641 1.481116 -0.571298 -0.058583 0.818053 0.031248
1716990331.814737940 -0.981046 -0.435035 1.484961 -0.567512 -0.053732 0.820923 0.033587
1716990331.881736940 -1.031829 -0.437416 1.514217 -0.575717 -0.053718 0.815153 0.034504
1716990331.948729940 -1.091726 -0.446488 1.510682 -0.571991 -0.049779 0.817749 0.040430
1716990332.015800940 -1.127507 -0.441410 1.521312 -0.562242 -0.046625 0.825090 0.030583
1716990332.082701940 -1.161200 -0.436375 1.535207 -0.562545 -0.040910 0.824950 0.036433
1716990332.149607940 -1.193983 -0.429970 1.536893 -0.566183 -0.037405 0.822404 0.041110
1716990332.216485940 -1.233605 -0.436717 1.520566 -0.576945 -0.039361 0.813794 0.057656
1716990332.283606940 -1.273060 -0.444471 1.501306 -0.582608 -0.037627 0.809122 0.066882
1716990332.350717940 -1.323705 -0.445950 1.502391 -0.589943 -0.039350 0.803085 0.073987
1716990332.417683940 -1.335901 -0.448219 1.492446 -0.585342 -0.034099 0.805893 0.082148
1716990332.484577940 -1.368626 -0.453549 1.489084 -0.582605 -0.033307 0.807445 0.086574
1716990332.551609940 -1.397047 -0.453518 1.494756 -0.580121 -0.031734 0.808912 0.090075
1716990332.618610940 -1.418327 -0.454980 1.501021 -0.577226 -0.030847 0.810695 0.092904
1716990332.685690940 -1.445862 -0.458330 1.497043 -0.576299 -0.032780 0.811431 0.091573
1716990332.752475940 -1.492545 -0.458847 1.515168 -0.579431 -0.038226 0.810031 0.081537
1716990332.819497940 -1.528537 -0.458648 1.523781 -0.579178 -0.042186 0.809800 0.083652
1716990332.886361940 -1.554902 -0.467996 1.503730 -0.573942 -0.043368 0.813350 0.084688
1716990332.953538940 -1.615524 -0.469950 1.510926 -0.579865 -0.055680 0.809988 0.067648
1716990333.020661940 -1.661797 -0.471806 1.515861 -0.587021 -0.062324 0.804840 0.061269
1716990333.087376940 -1.668958 -0.473209 1.490369 -0.580719 -0.061518 0.809916 0.054918
1716990333.154528940 -1.731659 -0.475562 1.505876 -0.590432 -0.069663 0.803141 0.038748
1716990333.221436940 -1.777726 -0.510998 1.487086 -0.588899 -0.078074 0.803210 0.044236
1716990333.288480940 -1.819215 -0.512590 1.484408 -0.586954 -0.076634 0.805076 0.038283
1716990333.355479940 -1.853049 -0.510851 1.487059 -0.581275 -0.070053 0.809999 0.033384
1716990333.422354940 -1.909282 -0.510871 1.497442 -0.585142 -0.067832 0.807333 0.034948
1716990333.489432940 -1.923616 -0.511755 1.492109 -0.576164 -0.054863 0.814506 0.040060
1716990333.556240940 -1.985289 -0.511680 1.520543 -0.584386 -0.052057 0.808988 0.036349
1716990333.623396940 -2.037852 -0.539448 1.513330 -0.583213 -0.045595 0.809471 0.050403
1716990333.690341940 -2.113974 -0.542722 1.536886 -0.592168 -0.047562 0.803108 0.045745
1716990333.757377940 -2.139223 -0.560542 1.508581 -0.585440 -0.044824 0.806589 0.068301
1716990333.824415940 -2.212619 -0.566802 1.508749 -0.597455 -0.049270 0.796321 0.080579
1716990333.891468940 -2.217025 -0.569642 1.486067 -0.585703 -0.045129 0.803388 0.097377
1716990333.958388940 -2.275973 -0.570166 1.489154 -0.591107 -0.041346 0.799506 0.098354
1716990334.025417940 -2.330143 -0.572014 1.482065 -0.593672 -0.043237 0.795415 0.114017
1716990334.092327940 -2.380271 -0.569768 1.479025 -0.591693 -0.036197 0.796411 0.119661
1716990334.159263940 -2.417415 -0.561315 1.474935 -0.587527 -0.027933 0.798149 0.130346
1716990334.226074940 -2.474586 -0.556983 1.474219 -0.590455 -0.019849 0.794553 0.140191
1716990334.293342940 -2.501799 -0.551167 1.463350 -0.583920 -0.012789 0.798257 0.147173
1716990334.360302940 -2.558758 -0.540982 1.468465 -0.588979 -0.008889 0.793937 0.150627
1716990334.427225940 -2.604747 -0.527660 1.480467 -0.593850 -0.004899 0.790821 0.148054
1716990334.494250940 -2.647071 -0.520649 1.485166 -0.592205 -0.002476 0.791785 0.149542
1716990334.561218940 -2.677090 -0.507254 1.493607 -0.588826 0.000551 0.794356 0.149268
1716990334.628224940 -2.719673 -0.500463 1.491743 -0.590432 0.001497 0.793658 0.146612
1716990334.695323940 -2.756571 -0.489357 1.491279 -0.588528 0.000350 0.796479 0.138766
1716990334.762103940 -2.803768 -0.473576 1.486927 -0.594004 -0.003826 0.793702 0.131078
1716990334.829100940 -2.807215 -0.467977 1.467336 -0.589039 -0.004176 0.796905 0.134007
1716990334.896005940 -2.860110 -0.454854 1.465996 -0.590504 -0.004699 0.797889 0.121062
1716990334.963110940 -2.870771 -0.451325 1.450651 -0.581931 -0.003828 0.804107 0.121465
1716990335.030137940 -2.917092 -0.442497 1.455154 -0.585340 -0.006465 0.802968 0.112152
1716990335.097174940 -2.947934 -0.438359 1.452291 -0.581349 -0.008590 0.806390 0.108141
1716990335.164174940 -2.985707 -0.433985 1.453010 -0.578987 -0.009139 0.808582 0.104335
1716990335.231096940 -3.007984 -0.432824 1.449025 -0.573391 -0.005545 0.812868 0.102169
1716990335.298103940 -3.053614 -0.438320 1.455803 -0.575125 -0.002144 0.811611 0.102537
1716990335.365168940 -3.107769 -0.444584 1.460909 -0.575251 -0.005620 0.812596 0.093496
1716990335.432009940 -3.153798 -0.447251 1.466201 -0.577014 -0.007314 0.811627 0.090895
1716990335.498986940 -3.203125 -0.461448 1.459274 -0.571755 -0.005702 0.814754 0.096123
1716990335.565990940 -3.265148 -0.456508 1.471939 -0.573802 -0.007283 0.813989 0.090112
1716990335.633056940 -3.318343 -0.462010 1.464272 -0.575372 -0.011269 0.811802 0.098982
1716990335.699985940 -3.364643 -0.467314 1.457394 -0.573651 -0.011137 0.813204 0.097468
1716990335.767047940 -3.414633 -0.466437 1.455307 -0.576905 -0.011840 0.810655 0.099398
1716990335.834070940 -3.464242 -0.482072 1.441225 -0.581338 -0.017961 0.807314 0.099836
1716990335.901061940 -3.512458 -0.497782 1.427435 -0.582451 -0.024078 0.805441 0.106936
1716990335.968072940 -3.559469 -0.511073 1.419871 -0.583470 -0.026331 0.804534 0.107675
1716990336.034968940 -3.611517 -0.523788 1.393712 -0.580189 -0.030770 0.806022 0.112969
1716990336.101862940 -3.661000 -0.521345 1.404124 -0.579060 -0.027207 0.808095 0.104559
1716990336.168971940 -3.714283 -0.516762 1.415886 -0.581093 -0.028454 0.807602 0.096441
1716990336.235796940 -3.781615 -0.517591 1.423233 -0.584148 -0.030875 0.805567 0.094239
1716990336.302958940 -3.807862 -0.507840 1.427408 -0.579942 -0.032016 0.809603 0.084772
1716990336.369865940 -3.853951 -0.514198 1.413133 -0.583028 -0.042146 0.806693 0.086877
1716990336.436950940 -3.899595 -0.513096 1.402012 -0.583630 -0.048373 0.807217 0.073735
1716990336.503860940 -3.946832 -0.512312 1.403135 -0.584465 -0.058206 0.806375 0.069079
1716990336.570921940 -3.976748 -0.510326 1.395036 -0.581921 -0.057379 0.808877 0.061595
1716990336.637940940 -3.993895 -0.509599 1.381468 -0.578240 -0.057199 0.812210 0.051783
1716990336.704987940 -4.048444 -0.507859 1.397763 -0.583102 -0.055746 0.809342 0.043022
1716990336.771811940 -4.097889 -0.507745 1.392409 -0.580995 -0.051291 0.810994 0.045850
1716990336.838735940 -4.149175 -0.510266 1.377927 -0.577095 -0.045606 0.813873 0.049932
1716990336.905598940 -4.194444 -0.517131 1.377780 -0.574088 -0.037282 0.816465 0.049174
1716990336.972791940 -4.264001 -0.528558 1.384403 -0.580546 -0.033130 0.811788 0.053563
1716990337.039801940 -4.320464 -0.537808 1.384053 -0.573232 -0.036444 0.817034 0.050325
1716990337.106805940 -4.371458 -0.544737 1.408703 -0.577636 -0.038682 0.813549 0.054571
1716990337.173819940 -4.395802 -0.554697 1.393061 -0.568779 -0.037051 0.819036 0.065565
1716990337.240809940 -4.442120 -0.563109 1.385628 -0.564713 -0.041621 0.821491 0.067228
1716990337.307741940 -4.486447 -0.570546 1.377821 -0.561701 -0.041901 0.823367 0.069307
1716990337.374731940 -4.548227 -0.579055 1.377260 -0.563299 -0.040525 0.821756 0.075948
1716990337.441608940 -4.587776 -0.588848 1.361824 -0.558312 -0.034079 0.825314 0.077354
1716990337.508590940 -4.676787 -0.596764 1.388771 -0.572011 -0.037295 0.816156 0.072812
1716990337.575639940 -4.730883 -0.604780 1.382326 -0.573497 -0.034650 0.814307 0.082492
1716990337.642773940 -4.801216 -0.611901 1.375554 -0.578103 -0.033636 0.810875 0.084537
1716990337.709543940 -4.872592 -0.622741 1.388211 -0.582751 -0.034845 0.807389 0.085500
1716990337.776636940 -4.935656 -0.629648 1.364843 -0.582248 -0.035371 0.807536 0.087306
1716990337.843632940 -5.001071 -0.638887 1.327979 -0.573783 -0.044886 0.813192 0.086475
1716990337.910635940 -5.059329 -0.652099 1.388204 -0.585530 -0.045556 0.804842 0.085491
1716990337.977636940 -5.067833 -0.656984 1.317521 -0.568103 -0.050364 0.817307 0.082041
1716990338.044554940 -5.153711 -0.646553 1.328482 -0.576310 -0.055302 0.812612 0.066861
1716990338.111483940 -5.163794 -0.635282 1.314390 -0.562449 -0.056366 0.822428 0.063929
1716990338.178476940 -5.224662 -0.628898 1.329069 -0.563815 -0.054397 0.822202 0.056009
1716990338.245543940 -5.246669 -0.622446 1.326612 -0.557343 -0.051330 0.826738 0.056902
1716990338.312580940 -5.306171 -0.620361 1.337918 -0.561073 -0.051014 0.824313 0.055700
1716990338.379478940 -5.356943 -0.619662 1.343963 -0.560352 -0.045960 0.825034 0.056671
1716990338.446492940 -5.416514 -0.619791 1.342742 -0.562573 -0.041069 0.823457 0.061179
1716990338.513567940 -5.485552 -0.620696 1.345004 -0.564418 -0.027576 0.822099 0.069463
1716990338.580473940 -5.562295 -0.622973 1.335450 -0.560052 -0.023667 0.825127 0.070333
1716990338.647526940 -5.627322 -0.617782 1.351953 -0.565603 -0.021968 0.820415 0.080812
1716990338.714440940 -5.660969 -0.628693 1.317065 -0.556182 -0.016682 0.825169 0.097360
1716990338.781431940 -5.719065 -0.630586 1.329731 -0.561905 -0.012079 0.821128 0.099324
1716990338.848304940 -5.763255 -0.646884 1.305575 -0.560190 -0.016359 0.820897 0.109767
1716990338.915453940 -5.826100 -0.665305 1.307306 -0.563510 -0.018208 0.818026 0.113833
1716990338.982337940 -5.890923 -0.677613 1.311474 -0.570310 -0.025438 0.812418 0.118644
1716990339.049363940 -5.931371 -0.692907 1.304314 -0.567353 -0.024749 0.813658 0.124332
1716990339.116374940 -5.974069 -0.693632 1.337200 -0.571844 -0.026918 0.811503 0.117187
1716990339.183346940 -6.006747 -0.695772 1.315815 -0.567201 -0.028164 0.815022 0.115014
1716990339.250384940 -6.087374 -0.699260 1.325060 -0.576963 -0.034453 0.808246 0.112537
1716990339.317341940 -6.123617 -0.703342 1.320719 -0.572143 -0.030795 0.811568 0.114287
1716990339.384241940 -6.171905 -0.704617 1.312902 -0.567471 -0.033693 0.814612 0.115101
1716990339.451350940 -6.180042 -0.700924 1.306626 -0.558722 -0.028111 0.821366 0.111347
1716990339.518100940 -6.244855 -0.705303 1.306148 -0.566200 -0.038211 0.815861 0.111029
1716990339.585234940 -6.274634 -0.705556 1.302060 -0.563337 -0.036540 0.818452 0.107014
1716990339.652297940 -6.315664 -0.702043 1.285000 -0.569203 -0.041219 0.813444 0.112330
1716990339.719208940 -6.356121 -0.697422 1.263721 -0.570523 -0.044454 0.812761 0.109299
1716990339.786268940 -6.395688 -0.696133 1.261388 -0.573328 -0.049288 0.811206 0.103974
1716990339.853262940 -6.434822 -0.695019 1.259487 -0.571921 -0.051794 0.812252 0.102327
1716990339.920197940 -6.480302 -0.692788 1.264737 -0.570317 -0.046295 0.812897 0.108597
1716990339.987327940 -6.504230 -0.690740 1.269234 -0.562228 -0.037359 0.818667 0.110851
1716990340.054077940 -6.549750 -0.686710 1.277046 -0.563559 -0.029339 0.817560 0.114613
1716990340.121156940 -6.594880 -0.686005 1.274478 -0.555079 -0.016428 0.823233 0.117919
1716990340.188030940 -6.645194 -0.678665 1.306360 -0.555054 -0.012379 0.823670 0.115456
1716990340.254998940 -6.704854 -0.688200 1.264137 -0.546412 -0.009143 0.827117 0.131258
1716990340.322128940 -6.734048 -0.685157 1.300327 -0.547349 -0.007019 0.826984 0.128286
1716990340.389179940 -6.760090 -0.692984 1.269600 -0.534859 -0.006658 0.833815 0.136505
1716990340.456030940 -6.795670 -0.684224 1.283582 -0.539609 -0.004730 0.830754 0.136556
1716990340.523097940 -6.821851 -0.680159 1.261510 -0.534358 -0.002167 0.833131 0.142655
1716990340.590107940 -6.883733 -0.672795 1.276875 -0.542611 -0.004361 0.828089 0.140796
1716990340.657162940 -6.921511 -0.668733 1.271856 -0.536698 -0.003449 0.831714 0.142109
1716990340.723975940 -6.972141 -0.666667 1.292603 -0.541545 -0.004291 0.828755 0.140985
1716990340.790975940 -7.016689 -0.664549 1.291988 -0.539444 -0.001325 0.830743 0.137351
1716990340.857956940 -7.086575 -0.659369 1.345710 -0.552496 -0.007272 0.823722 0.127191
1716990340.925059940 -7.128302 -0.657128 1.300418 -0.548375 -0.009929 0.825533 0.132969
1716990340.991994940 -7.208788 -0.649392 1.283985 -0.549123 -0.019878 0.826488 0.122416
1716990341.058984940 -7.282574 -0.645564 1.373472 -0.570078 -0.034094 0.810792 0.128316
1716990341.126072940 -7.262509 -0.638783 1.234816 -0.546628 -0.040310 0.824804 0.138819
1716990341.192999940 -7.379971 -0.634581 1.303406 -0.571455 -0.048292 0.810458 0.119438
1716990341.260073940 -7.395401 -0.640899 1.259645 -0.562822 -0.050040 0.815392 0.125949
1716990341.327063940 -7.442639 -0.636496 1.255139 -0.566502 -0.044594 0.813689 0.122461
1716990341.393953940 -7.470367 -0.632593 1.233327 -0.559794 -0.041247 0.818542 0.122139
1716990341.460959940 -7.525508 -0.628444 1.231063 -0.559347 -0.037951 0.819360 0.119752
1716990341.527767940 -7.566332 -0.625833 1.254186 -0.554259 -0.035815 0.822651 0.121488
1716990341.594922940 -7.603852 -0.626560 1.240441 -0.544549 -0.030398 0.828358 0.127928
1716990341.661936940 -7.630600 -0.622548 1.266944 -0.542649 -0.024220 0.830096 0.126041
1716990341.728951940 -7.689578 -0.625545 1.236005 -0.538411 -0.023096 0.831581 0.134361
1716990341.795954940 -7.688854 -0.601247 1.302630 -0.538100 -0.018384 0.833616 0.123269
1716990341.862925940 -7.736446 -0.606914 1.268945 -0.536923 -0.015327 0.831706 0.140512
1716990341.929937940 -7.781899 -0.612615 1.251219 -0.537202 -0.017459 0.831139 0.142534
1716990341.996939940 -7.828191 -0.615206 1.238404 -0.532756 -0.021325 0.833205 0.146584
1716990342.063855940 -7.835522 -0.607068 1.268613 -0.531666 -0.017431 0.833772 0.147819
1716990342.130808940 -7.889710 -0.626486 1.217962 -0.527880 -0.018936 0.833308 0.163038
1716990342.197700940 -7.940578 -0.628043 1.237942 -0.531779 -0.019614 0.832061 0.156527
1716990342.264726940 -7.978360 -0.631236 1.249334 -0.527036 -0.021341 0.835078 0.156276
1716990342.331725940 -8.017825 -0.635937 1.275345 -0.529062 -0.021424 0.834472 0.152612
1716990342.398761940 -8.066616 -0.642739 1.288812 -0.528426 -0.022650 0.835667 0.148033
1716990342.465824940 -8.139491 -0.644947 1.318391 -0.537183 -0.025606 0.830973 0.142343
1716990342.532700940 -8.212049 -0.654480 1.282646 -0.530597 -0.028465 0.834726 0.144527
1716990342.599802940 -8.278281 -0.645036 1.337824 -0.531327 -0.022508 0.834354 0.145047
1716990342.666763940 -8.313987 -0.649373 1.309727 -0.522478 -0.022366 0.839273 0.148787
1716990342.733662940 -8.362909 -0.651954 1.308733 -0.520917 -0.025343 0.841381 0.141708
1716990342.800632940 -8.412539 -0.653837 1.301267 -0.519314 -0.028504 0.842504 0.140310
1716990342.867477940 -8.460701 -0.657233 1.301607 -0.520617 -0.033946 0.841958 0.137523
1716990342.934590940 -8.470002 -0.662980 1.281118 -0.512026 -0.033508 0.847428 0.136277
1716990343.001626940 -8.530103 -0.667306 1.280455 -0.518957 -0.034551 0.843899 0.131620
1716990343.068699940 -8.578489 -0.672299 1.289251 -0.521321 -0.032979 0.842992 0.128453
1716990343.135618940 -8.619577 -0.685321 1.296961 -0.522198 -0.025864 0.842922 0.126978
1716990343.202687940 -8.657232 -0.697488 1.323704 -0.527526 -0.016988 0.840490 0.122490
1716990343.269661940 -8.715831 -0.710406 1.329298 -0.537371 -0.007323 0.833226 0.130052
1716990343.336570940 -8.823853 -0.732033 1.307529 -0.543886 -0.009172 0.827640 0.138261
1716990343.403545940 -8.805223 -0.693839 1.413221 -0.541889 -0.005342 0.831336 0.123325
1716990343.470486940 -8.887293 -0.726383 1.316846 -0.536089 -0.011569 0.828832 0.159725
1716990343.537351940 -8.912815 -0.727992 1.343952 -0.534930 -0.008837 0.830579 0.154630
1716990343.604598940 -8.971567 -0.738980 1.284344 -0.529064 -0.007842 0.831711 0.168188
1716990343.671565940 -9.017933 -0.736552 1.287257 -0.530139 -0.002743 0.831371 0.166634
1716990343.738466940 -9.062969 -0.734571 1.287597 -0.528150 -0.001389 0.832174 0.168946
1716990343.805481940 -9.090247 -0.729051 1.299414 -0.525804 0.003646 0.834123 0.166603
1716990343.872488940 -9.134887 -0.724732 1.291737 -0.525652 0.004708 0.833922 0.168053
1716990343.939486940 -9.180279 -0.720165 1.300878 -0.533121 0.005621 0.830159 0.163055
1716990344.006491940 -9.239206 -0.715387 1.318754 -0.537265 0.007526 0.828288 0.158832
1716990344.073363940 -9.292827 -0.704038 1.343303 -0.544746 0.006400 0.824138 0.154942
1716990344.140364940 -9.328025 -0.698167 1.345957 -0.537795 0.005410 0.830063 0.147450
1716990344.207293940 -9.396824 -0.687199 1.377841 -0.540224 -0.008488 0.830170 0.137487
1716990344.274327940 -9.417531 -0.687254 1.344069 -0.529081 -0.015992 0.836353 0.142587
1716990344.341330940 -9.463555 -0.691453 1.378635 -0.532459 -0.012748 0.835908 0.132600
1716990344.408453940 -9.532907 -0.691385 1.363034 -0.535355 -0.019437 0.833779 0.133531
1716990344.475445940 -9.593019 -0.686338 1.386484 -0.543283 -0.017302 0.829318 0.129522
1716990344.542352940 -9.628636 -0.683583 1.360138 -0.540317 -0.015321 0.830518 0.134399
1716990344.609456940 -9.694470 -0.678878 1.363010 -0.546255 -0.011801 0.827311 0.130471
1716990344.676349940 -9.760436 -0.675716 1.369024 -0.549202 -0.008510 0.824939 0.133343
1716990344.743306940 -9.810769 -0.672123 1.355544 -0.547381 0.004501 0.825376 0.138230
1716990344.810186940 -9.883836 -0.663569 1.375383 -0.554581 0.014257 0.821285 0.133141
1716990344.877071940 -9.962205 -0.663108 1.351913 -0.555149 0.016449 0.820732 0.133931
1716990344.944349940 -10.018861 -0.657707 1.372749 -0.554930 0.015252 0.822717 0.122299
1716990345.011332940 -10.050657 -0.648765 1.399345 -0.551332 0.011541 0.824827 0.124744
1716990345.078304940 -10.105063 -0.652284 1.356214 -0.548337 0.002409 0.825282 0.135017
1716990345.145333940 -10.124516 -0.653316 1.340792 -0.541734 0.002251 0.830501 0.129564
1716990345.212286940 -10.178803 -0.651423 1.321964 -0.543033 -0.003222 0.829613 0.129798
1716990345.279314940 -10.212907 -0.650395 1.296797 -0.542712 -0.002004 0.829495 0.131903
1716990345.346343940 -10.269830 -0.644887 1.289099 -0.549733 -0.006380 0.825289 0.129042
1716990345.413174940 -10.315777 -0.639143 1.281019 -0.550753 -0.008497 0.824977 0.126537
1716990345.480161940 -10.358338 -0.632288 1.283262 -0.552647 -0.010938 0.824094 0.123820
1716990345.547074940 -10.447621 -0.579075 1.211488 -0.578208 -0.007380 0.804587 0.135130
1716990345.614184940 -10.515537 -0.523783 1.158808 -0.595414 -0.000906 0.791844 0.135884
1716990345.681214940 -10.533173 -0.600736 1.413939 -0.598817 0.001882 0.789105 0.136849
1716990345.748069940 -10.642567 -0.723811 1.405440 -0.585089 -0.012922 0.800506 0.129206
1716990345.815150940 -10.709730 -0.713451 1.406140 -0.588365 -0.021590 0.798480 0.125662
1716990345.882205940 -10.736243 -0.709190 1.382859 -0.577081 -0.017382 0.807833 0.118662
1716990345.949177940 -10.804984 -0.699205 1.377185 -0.579673 -0.022755 0.807104 0.109747
1716990346.016031940 -10.855096 -0.694857 1.352855 -0.572802 -0.023341 0.812468 0.106061
1716990346.083063940 -10.912353 -0.695815 1.379568 -0.575072 -0.021331 0.811528 0.101286
1716990346.149980940 -10.955772 -0.701543 1.364059 -0.569952 -0.014128 0.814529 0.107221
1716990346.216876940 -11.011435 -0.704131 1.370245 -0.568558 -0.007698 0.815656 0.106714
1716990346.283971940 -11.054895 -0.707830 1.369956 -0.565564 0.003888 0.816510 0.115905
1716990346.351018940 -11.098133 -0.711303 1.383915 -0.567171 0.016682 0.815179 0.116286
1716990346.418017940 -11.174959 -0.716981 1.373542 -0.566634 0.020702 0.815116 0.118674
1716990346.484991940 -11.211455 -0.717708 1.394888 -0.559428 0.029278 0.819890 0.118165
1716990346.551982940 -11.282227 -0.718984 1.412262 -0.567698 0.022015 0.813817 0.122214
1716990346.618985940 -11.299425 -0.730057 1.400066 -0.558889 0.018170 0.819171 0.127562
1716990346.685956940 -11.333217 -0.741886 1.381612 -0.557322 0.013849 0.818703 0.137573
1716990346.752990940 -11.384385 -0.750925 1.366341 -0.558196 0.007473 0.816936 0.144832
1716990346.819979940 -11.421125 -0.757269 1.357188 -0.557280 0.002785 0.817448 0.145639
1716990346.886730940 -11.465581 -0.762230 1.353584 -0.555376 -0.000496 0.818638 0.146248
1716990346.953825940 -11.519306 -0.763213 1.367240 -0.560839 0.001161 0.815466 0.143086
1716990347.020987940 -11.577774 -0.770773 1.351116 -0.560205 0.002008 0.815495 0.145379
1716990347.087906940 -11.627096 -0.766932 1.370221 -0.564862 0.002383 0.813580 0.137884
1716990347.154811940 -11.688597 -0.766139 1.368386 -0.568330 0.002209 0.811274 0.137227
1716990347.221852940 -11.761966 -0.760740 1.371637 -0.566137 -0.001188 0.812955 0.136353
1716990347.288983940 -11.794542 -0.752832 1.386215 -0.555510 -0.001274 0.820604 0.134228
1716990347.355859940 -11.828339 -0.748894 1.370638 -0.551853 -0.002979 0.822307 0.138784
1716990347.422925940 -11.862555 -0.744254 1.361542 -0.552701 0.000902 0.822299 0.135441
1716990347.489718940 -11.907635 -0.739609 1.345670 -0.559963 -0.000339 0.816893 0.138302
1716990347.556538940 -11.951214 -0.735191 1.340245 -0.567437 -0.000346 0.811421 0.140038
1716990347.623836940 -11.989463 -0.732936 1.333317 -0.567130 0.003419 0.811568 0.140388
1716990347.690795940 -12.045164 -0.728376 1.339203 -0.573817 0.002356 0.806839 0.140498
1716990347.757738940 -12.074554 -0.728522 1.334877 -0.565977 0.008587 0.811489 0.145194
1716990347.824858940 -12.122075 -0.726511 1.345073 -0.567107 0.012666 0.810458 0.146242
1716990347.891767940 -12.166192 -0.725071 1.347749 -0.565677 0.019050 0.810997 0.148087
1716990347.958775940 -12.214207 -0.724221 1.358353 -0.568917 0.025637 0.807590 0.153213
1716990348.025761940 -12.267610 -0.723701 1.356942 -0.570466 0.035383 0.805617 0.155880
1716990348.092583940 -12.345576 -0.725119 1.347143 -0.574878 0.036948 0.801920 0.158352
1716990348.159705940 -12.383899 -0.721411 1.372558 -0.573002 0.044595 0.803097 0.157211
1716990348.226563940 -12.433138 -0.729421 1.353627 -0.576367 0.043977 0.797233 0.174032
1716990348.293598940 -12.465055 -0.739290 1.332998 -0.574151 0.043216 0.799253 0.172272
1716990348.360710940 -12.520692 -0.739904 1.339867 -0.580970 0.040756 0.793955 0.174493
1716990348.427500940 -12.556888 -0.745914 1.322930 -0.576044 0.039366 0.797486 0.175042
1716990348.494679940 -12.587475 -0.743520 1.344060 -0.575985 0.037931 0.799607 0.165623
1716990348.561664940 -12.622135 -0.744000 1.351739 -0.575009 0.035224 0.800694 0.164355
1716990348.628547940 -12.669371 -0.741849 1.367163 -0.577692 0.029405 0.799950 0.159646
1716990348.695614940 -12.694572 -0.745973 1.361778 -0.570595 0.025492 0.805334 0.158771
1716990348.762553940 -12.761996 -0.736475 1.396584 -0.579934 0.016820 0.800793 0.148742
1716990348.829511940 -12.739579 -0.734916 1.417638 -0.559228 0.019168 0.814892 0.151155
1716990348.896372940 -12.817019 -0.743428 1.375022 -0.557469 0.012923 0.815622 0.154344
1716990348.963523940 -12.853447 -0.738353 1.378854 -0.551345 0.009359 0.822012 0.142224
1716990349.030557940 -12.890840 -0.734865 1.387314 -0.560093 0.001293 0.815650 0.144947
1716990349.097524940 -12.908663 -0.736025 1.353631 -0.555390 0.000388 0.819124 0.143451
1716990349.164461940 -12.982293 -0.721762 1.365689 -0.570093 -0.010728 0.810971 0.131164
1716990349.231484940 -12.990092 -0.719944 1.345283 -0.561263 -0.009836 0.816582 0.134466
1716990349.298575940 -13.037936 -0.713060 1.342948 -0.568031 -0.012416 0.812623 0.129728
1716990349.365587940 -13.070378 -0.710396 1.347865 -0.568424 -0.014652 0.813148 0.124378
1716990349.432337940 -13.114464 -0.705838 1.359138 -0.573216 -0.019712 0.809801 0.123523
1716990349.499364940 -13.152933 -0.703419 1.375674 -0.574524 -0.019647 0.809096 0.122063
1716990349.566250940 -13.193987 -0.704578 1.366985 -0.574455 -0.018599 0.808489 0.126495
1716990349.633359940 -13.245439 -0.705709 1.385423 -0.575321 -0.009596 0.808904 0.120782
1716990349.700375940 -13.311432 -0.705099 1.396032 -0.581504 -0.001469 0.803911 0.124810
1716990349.767361940 -13.377782 -0.704078 1.409961 -0.586646 0.004817 0.799655 0.127968
1716990349.834373940 -13.444277 -0.702073 1.424309 -0.594785 0.005242 0.792182 0.136564
1716990349.901422940 -13.486567 -0.706082 1.377773 -0.590313 0.004801 0.792098 0.155208
1716990349.968421940 -13.528506 -0.700051 1.393670 -0.592712 0.003124 0.790332 0.155108
1716990350.035352940 -13.556218 -0.698381 1.382505 -0.590118 0.004413 0.791006 0.161401
1716990350.102223940 -13.597912 -0.694592 1.384714 -0.592193 0.002575 0.789689 0.160288
1716990350.169229940 -13.646024 -0.699963 1.380613 -0.591112 0.003248 0.790789 0.158839
1716990350.236177940 -13.695326 -0.704722 1.374311 -0.589925 0.003185 0.792003 0.157194
1716990350.303247940 -13.752258 -0.704028 1.392304 -0.593988 0.003166 0.789928 0.152259
1716990350.370314940 -13.796392 -0.714157 1.371336 -0.589662 0.000867 0.791714 0.159644
1716990350.437232940 -13.815965 -0.713547 1.415378 -0.588780 0.001318 0.794876 0.146662
1716990350.504234940 -13.885828 -0.720684 1.399226 -0.594833 -0.007538 0.788914 0.154050
1716990350.571228940 -13.917331 -0.724584 1.415187 -0.593411 -0.005588 0.790372 0.152130
1716990350.638229940 -13.976451 -0.731071 1.399580 -0.597384 -0.010933 0.785484 0.161329
1716990350.705311940 -13.980468 -0.740465 1.349781 -0.586025 -0.012069 0.793715 0.162621
1716990350.772119940 -14.034112 -0.730930 1.367531 -0.596424 -0.019163 0.788199 0.150512
1716990350.839175940 -14.072906 -0.730966 1.350642 -0.592667 -0.022077 0.790199 0.154415
1716990350.906035940 -14.108103 -0.731535 1.348783 -0.592546 -0.023760 0.790580 0.152671
1716990350.973095940 -14.143069 -0.735045 1.327946 -0.587979 -0.020190 0.794688 0.149478
1716990351.040142940 -14.201699 -0.732896 1.333805 -0.592470 -0.023020 0.792565 0.142445
1716990351.107073940 -14.229287 -0.738895 1.331717 -0.584376 -0.016110 0.797778 0.147633
1716990351.174108940 -14.269478 -0.740679 1.355342 -0.585499 -0.011392 0.797794 0.143478
1716990351.241147940 -14.267782 -0.723950 1.423372 -0.587821 0.007852 0.797403 0.136210
1716990351.308104940 -14.353900 -0.723486 1.426855 -0.599170 0.010605 0.788075 0.140788
1716990351.375101940 -14.408228 -0.733642 1.402695 -0.585641 0.016762 0.798615 0.137684
1716990351.441969940 -14.471170 -0.723728 1.420615 -0.591657 0.014396 0.794338 0.136971
1716990351.508983940 -14.521595 -0.736205 1.429937 -0.587501 0.013399 0.796426 0.142722
1716990351.575864940 -14.561497 -0.753733 1.386868 -0.576737 0.005466 0.803008 0.150076
1716990351.643066940 -14.585660 -0.754328 1.428450 -0.577757 0.007780 0.803538 0.143046
1716990351.710058940 -14.612046 -0.771419 1.393517 -0.567936 0.008741 0.808841 0.152148
1716990351.777043940 -14.660019 -0.776754 1.404678 -0.575484 0.008311 0.805205 0.142806
1716990351.843990940 -14.708209 -0.781918 1.399438 -0.579174 0.002913 0.802720 0.142089
1716990351.910984940 -14.749054 -0.787828 1.393536 -0.579663 -0.001248 0.802968 0.138678
1716990351.978066940 -14.793271 -0.793061 1.397406 -0.584238 -0.003061 0.799834 0.137560
1716990352.044982940 -14.839949 -0.798138 1.402487 -0.591174 -0.004408 0.794945 0.136222
1716990352.111861940 -14.889322 -0.803965 1.395440 -0.595517 -0.005188 0.791330 0.138307
1716990352.178953940 -14.975675 -0.803886 1.400193 -0.605709 -0.010229 0.784608 0.131917
1716990352.245808940 -15.013558 -0.806369 1.409559 -0.603402 -0.012848 0.786863 0.128792
1716990352.312931940 -15.052216 -0.803497 1.394049 -0.595774 -0.014473 0.792469 0.129758
1716990352.379852940 -15.070694 -0.805129 1.373789 -0.582914 -0.012286 0.803478 0.120351
1716990352.446875940 -15.122579 -0.800406 1.400313 -0.587560 -0.015993 0.802090 0.105684
1716990352.513888940 -15.179409 -0.800889 1.380366 -0.584159 -0.017394 0.804376 0.106930
1716990352.580808940 -15.218060 -0.801515 1.383286 -0.585077 -0.020679 0.804928 0.096682
1716990352.647858940 -15.265805 -0.801831 1.385194 -0.588663 -0.021302 0.802995 0.090669
1716990352.714847940 -15.310110 -0.803325 1.385073 -0.588340 -0.020352 0.803284 0.090421
1716990352.781771940 -15.363675 -0.804317 1.390063 -0.589288 -0.018132 0.802749 0.089469
1716990352.848717940 -15.392778 -0.804025 1.391211 -0.588024 -0.008186 0.803175 0.095239
1716990352.915600940 -15.456640 -0.801103 1.403015 -0.596280 0.001007 0.796928 0.096721
1716990352.982735940 -15.526046 -0.800739 1.399067 -0.595716 0.007428 0.796568 0.102692
1716990353.049825940 -15.595377 -0.792082 1.436074 -0.603038 0.011864 0.790854 0.103699
1716990353.116800940 -15.663890 -0.794743 1.444085 -0.604790 0.009439 0.788160 0.113770
1716990353.183732940 -15.702470 -0.799211 1.442314 -0.598656 0.010061 0.792147 0.118375
1716990353.250707940 -15.776418 -0.798130 1.451346 -0.606512 0.010546 0.784458 0.129066
1716990353.317723940 -15.804320 -0.807072 1.431335 -0.598868 0.013299 0.789962 0.130920
1716990353.384764940 -15.884666 -0.805211 1.444311 -0.609897 0.007976 0.781987 0.128289
1716990353.451581940 -15.922894 -0.809584 1.441387 -0.608402 0.009805 0.783040 0.128839
1716990353.518630940 -15.989260 -0.809090 1.431440 -0.613513 0.007204 0.778808 0.130416
1716990353.585515940 -16.045099 -0.804759 1.456323 -0.617224 0.008729 0.776842 0.124396
1716990353.652606940 -16.095822 -0.804576 1.435539 -0.618254 0.006162 0.775273 0.129135
1716990353.719574940 -16.148775 -0.803659 1.389117 -0.611658 0.000898 0.781709 0.121675
1716990353.786617940 -16.202543 -0.798167 1.446734 -0.612567 0.003582 0.783084 0.107368
1716990353.853669940 -16.259336 -0.797336 1.427507 -0.616641 -0.003070 0.779242 0.111920
1716990353.920586940 -16.279229 -0.795920 1.451545 -0.610858 0.000293 0.785750 0.097207
1716990353.987643940 -16.352746 -0.801476 1.434330 -0.615115 -0.006320 0.782031 0.100108
1716990354.054557940 -16.376170 -0.803739 1.456823 -0.609941 -0.003837 0.786852 0.093923
1716990354.121568940 -16.438410 -0.812892 1.435567 -0.610107 -0.007743 0.785847 0.100766
1716990354.188459940 -16.462143 -0.808775 1.452537 -0.607031 -0.002431 0.789090 0.094043
1716990354.255485940 -16.517404 -0.808915 1.438117 -0.606726 -0.001959 0.788648 0.099566
1716990354.322572940 -16.554312 -0.808098 1.429864 -0.599894 0.007860 0.793481 0.102239
1716990354.389549940 -16.607575 -0.805851 1.444061 -0.601457 0.011490 0.792007 0.104124
1716990354.456530940 -16.668107 -0.805319 1.447254 -0.604262 0.022861 0.788893 0.109509
1716990354.523442940 -16.739784 -0.808490 1.452324 -0.603666 0.028582 0.788908 0.111336
1716990354.590481940 -16.816993 -0.804643 1.461930 -0.612473 0.028038 0.781611 0.114781
1716990354.657478940 -16.839733 -0.816489 1.453263 -0.597625 0.029991 0.791709 0.123056
1716990354.724392940 -16.879487 -0.809916 1.476885 -0.596189 0.022677 0.793480 0.120137
1716990354.791331940 -16.904146 -0.813869 1.435512 -0.585477 0.018858 0.799972 0.130020
1716990354.858253940 -16.949702 -0.811402 1.463092 -0.587404 0.015485 0.799764 0.122855
1716990354.925365940 -16.993245 -0.812697 1.452215 -0.583418 0.010677 0.802614 0.123772
1716990354.992351940 -17.041786 -0.813669 1.483612 -0.593653 0.013752 0.796395 0.114638
1716990355.059450940 -17.103006 -0.812467 1.477572 -0.602672 0.011637 0.789888 0.112815
1716990355.126380940 -17.179985 -0.810566 1.479536 -0.610952 0.009343 0.784159 0.108376
1716990355.193427940 -17.234748 -0.810602 1.467477 -0.610944 0.006229 0.784386 0.106988
1716990355.260462940 -17.283455 -0.811951 1.431868 -0.604415 0.002273 0.789686 0.105225
1716990355.327445940 -17.351588 -0.815174 1.451691 -0.603594 -0.008530 0.791528 0.095319
1716990355.394277940 -17.377946 -0.814041 1.463420 -0.601673 -0.015807 0.792830 0.095710
1716990355.461338940 -17.379609 -0.817510 1.445518 -0.593189 -0.016977 0.799847 0.089911
1716990355.528170940 -17.476677 -0.819847 1.455969 -0.606399 -0.027418 0.790314 0.083255
1716990355.595327940 -17.487848 -0.823133 1.444981 -0.598222 -0.024936 0.796960 0.079770
1716990355.662237940 -17.540969 -0.830167 1.416793 -0.597208 -0.030989 0.797335 0.081476
1716990355.729289940 -17.569839 -0.828024 1.456784 -0.596172 -0.028102 0.798901 0.074480
1716990355.796239940 -17.601207 -0.823837 1.477903 -0.593613 -0.027934 0.800410 0.078659
1716990355.863326940 -17.640236 -0.829065 1.471297 -0.589246 -0.021899 0.803655 0.080306
1716990355.930300940 -17.699744 -0.831831 1.464280 -0.592758 -0.019895 0.800959 0.081896
1716990355.997285940 -17.754573 -0.833769 1.487684 -0.596328 -0.015451 0.798455 0.081386
1716990356.064111940 -17.800868 -0.839556 1.476631 -0.594945 -0.007417 0.798746 0.089386
1716990356.131081940 -17.860267 -0.843261 1.484261 -0.601158 -0.000623 0.794046 0.089994
1716990356.198060940 -17.923071 -0.844432 1.477601 -0.607550 0.001127 0.788251 0.097682
1716990356.265174940 -17.972765 -0.853538 1.450781 -0.603097 0.001533 0.790442 0.107119
1716990356.332150940 -18.017322 -0.864534 1.426308 -0.607560 -0.003531 0.785705 0.116303
1716990356.399179940 -18.041609 -0.880984 1.395969 -0.606481 -0.005776 0.784366 0.130068
1716990356.466127940 -18.083577 -0.853014 1.538157 -0.615460 0.007085 0.779791 0.114393
1716990356.533194940 -18.108339 -0.845790 1.596334 -0.608964 0.013446 0.784849 0.113987
1716990356.600178940 -18.177462 -0.841532 1.618749 -0.617886 0.009654 0.778850 0.107313
1716990356.667188940 -18.250629 -0.851507 1.579839 -0.619096 0.002930 0.777744 0.108745
1716990356.733977940 -18.327060 -0.854597 1.561166 -0.620682 -0.005228 0.776810 0.106265
1716990356.801107940 -18.380344 -0.860374 1.542374 -0.619512 -0.003635 0.777224 0.110063
1716990356.867911940 -18.450583 -0.859033 1.532477 -0.627748 -0.009213 0.770524 0.110182
1716990356.935085940 -18.505375 -0.866644 1.425259 -0.614595 -0.018172 0.781214 0.107922
1716990357.001978940 -18.605837 -0.864107 1.551872 -0.629879 -0.016373 0.770771 0.094316
1716990357.068973940 -18.603685 -0.868180 1.472620 -0.617430 -0.020351 0.779817 0.101251
1716990357.136063940 -18.687993 -0.868227 1.499285 -0.625678 -0.023484 0.774980 0.085923
1716990357.203064940 -18.697868 -0.876521 1.482912 -0.616311 -0.024123 0.781917 0.090470
1716990357.269980940 -18.751508 -0.881688 1.486886 -0.619692 -0.023883 0.779528 0.088017
1716990357.336983940 -18.776501 -0.887656 1.499201 -0.616922 -0.020046 0.781686 0.089289
1716990357.403853940 -18.810305 -0.890952 1.491058 -0.612805 -0.021045 0.784731 0.090687
1716990357.470885940 -18.847377 -0.894376 1.500815 -0.610927 -0.016743 0.786206 0.091475
1716990357.537704940 -18.897248 -0.904925 1.472526 -0.607541 -0.013409 0.788049 0.098449
1716990357.604862940 -18.980139 -0.904665 1.493197 -0.620545 -0.011294 0.777794 0.099163
1716990357.671856940 -18.969220 -0.907634 1.513303 -0.604965 0.003543 0.789613 0.102542
1716990357.738857940 -19.043861 -0.901754 1.507587 -0.601697 0.004387 0.793065 0.094812
1716990357.805867940 -19.098186 -0.903235 1.494865 -0.603447 0.005267 0.789771 0.109935
1716990357.872872940 -19.142242 -0.910115 1.445956 -0.594033 0.010425 0.796171 0.114581
1716990357.939861940 -19.170645 -0.909459 1.450077 -0.594220 0.008244 0.794629 0.124093
1716990358.006925940 -19.223543 -0.914402 1.435690 -0.595663 0.005187 0.792260 0.132222
1716990358.073718940 -19.274211 -0.920489 1.430273 -0.597175 0.003251 0.790947 0.133323
1716990358.140789940 -19.331657 -0.922125 1.421623 -0.598097 -0.000177 0.789769 0.136178
1716990358.207695940 -19.382488 -0.919560 1.431825 -0.608151 0.000132 0.782920 0.131102
1716990358.274806940 -19.421344 -0.919706 1.427683 -0.609220 0.003476 0.782160 0.130635
1716990358.341668940 -19.514786 -0.915595 1.439062 -0.621964 0.002863 0.772683 0.126938
1716990358.408805940 -19.585630 -0.910927 1.437439 -0.623356 0.005028 0.771260 0.128684
1716990358.475855940 -19.634543 -0.913671 1.427491 -0.603621 0.006082 0.787407 0.124881
1716990358.542737940 -19.690085 -0.900651 1.501264 -0.594493 0.013285 0.796486 0.109602
1716990358.609726940 -19.715360 -0.895991 1.492050 -0.588498 0.005779 0.800839 0.110878
1716990358.676720940 -19.766266 -0.891534 1.501125 -0.591419 0.006269 0.800774 0.094577
1716990358.743597940 -19.820238 -0.895248 1.494315 -0.593470 0.001032 0.799320 0.094232
1716990358.810642940 -19.852913 -0.897413 1.466108 -0.586349 0.001517 0.804699 0.093015
1716990358.877470940 -19.898321 -0.892790 1.482482 -0.587070 0.000370 0.805012 0.085469
1716990358.944609940 -19.938003 -0.893444 1.464508 -0.582204 -0.000418 0.808412 0.086652
1716990359.011682940 -19.982720 -0.888977 1.480172 -0.580607 0.000824 0.809655 0.085747
1716990359.078693940 -20.002259 -0.889667 1.475685 -0.571821 0.008131 0.815197 0.091704
1716990359.145615940 -20.040850 -0.887560 1.489638 -0.573234 0.015485 0.814377 0.089182
1716990359.212605940 -20.111268 -0.884081 1.486502 -0.580238 0.019664 0.808700 0.094559
1716990359.279605940 -20.142045 -0.887209 1.469204 -0.569672 0.029301 0.814891 0.102802
1716990359.346609940 -20.235624 -0.879645 1.471208 -0.582790 0.024251 0.804838 0.109560
1716990359.413495940 -20.279875 -0.901173 1.403279 -0.578276 0.024901 0.803018 0.141910
1716990359.480567940 -20.309707 -0.905219 1.431262 -0.579835 0.027155 0.801379 0.144383
1716990359.547389940 -20.347493 -0.915049 1.418080 -0.579220 0.027623 0.799633 0.155976
1716990359.614485940 -20.396822 -0.922750 1.415523 -0.580431 0.026017 0.798235 0.158886
1716990359.681559940 -20.439110 -0.931877 1.410703 -0.579210 0.026027 0.798736 0.160808
1716990359.748479940 -20.484995 -0.935826 1.428269 -0.580345 0.025190 0.797990 0.160554
1716990359.815470940 -20.538309 -0.940138 1.432615 -0.582320 0.023570 0.796129 0.162869
1716990359.882484940 -20.577363 -0.943342 1.435196 -0.581478 0.020847 0.797397 0.160022
1716990359.949487940 -20.630360 -0.940152 1.445136 -0.586295 0.017589 0.794952 0.154920
1716990360.016541940 -20.691148 -0.935665 1.450782 -0.588403 0.014589 0.794397 0.150007
1716990360.083295940 -20.735675 -0.935521 1.450230 -0.582044 0.013729 0.799068 0.150087
1716990360.150368940 -20.777247 -0.937699 1.454672 -0.578918 0.007588 0.802946 0.141686
1716990360.217369940 -20.812605 -0.941034 1.453901 -0.576853 0.005225 0.806252 0.131038
1716990360.284364940 -20.865007 -0.942856 1.448224 -0.578927 -0.001445 0.805599 0.125899
1716990360.351392940 -20.904101 -0.946701 1.439178 -0.576024 -0.002954 0.807842 0.124819
1716990360.418712940 -20.946356 -0.945724 1.438111 -0.578863 -0.006452 0.806386 0.120907
1716990360.485381940 -21.003992 -0.946373 1.434715 -0.584465 -0.010156 0.802612 0.118792
1716990360.552348940 -21.042907 -0.948938 1.427081 -0.581615 -0.010087 0.804571 0.119532
1716990360.619237940 -21.083677 -0.949413 1.437061 -0.584235 -0.008934 0.802784 0.118860
1716990360.686485940 -21.078317 -0.935291 1.447447 -0.575470 0.004097 0.808947 0.120094
1716990360.753209940 -21.121872 -0.917310 1.459214 -0.580697 0.011621 0.804729 0.122748
1716990360.820397940 -21.164694 -0.902285 1.455270 -0.580402 0.022219 0.804188 0.126179
1716990360.887149940 -21.186172 -0.891691 1.460500 -0.573085 0.027672 0.810287 0.119341
1716990360.954359940 -21.359426 -0.905419 1.481715 -0.593974 0.027330 0.793319 0.130742
1716990361.021120940 -21.462212 -0.943822 1.440204 -0.591716 0.020660 0.790567 0.156363
1716990361.088428940 -21.527567 -0.960897 1.463551 -0.590464 0.027137 0.789949 0.163086
1716990361.155085940 -21.622270 -0.997651 1.411883 -0.597046 0.023088 0.781558 0.179358
1716990361.222234940 -21.658784 -0.996409 1.425392 -0.601040 0.023022 0.779857 0.173329
1716990361.289227940 -21.696548 -1.001190 1.410908 -0.600545 0.020081 0.779920 0.175120
1716990361.356244940 -21.736529 -1.000782 1.428286 -0.602586 0.020217 0.779247 0.171040
1716990361.423096940 -21.778095 -1.000919 1.437472 -0.604492 0.017584 0.778022 0.170178
1716990361.490309940 -21.821917 -1.002029 1.438564 -0.606618 0.019254 0.777290 0.165724
1716990361.556906940 -21.881898 -0.998304 1.445731 -0.614672 0.018986 0.771875 0.161331
1716990361.624185940 -21.939867 -0.997779 1.447298 -0.616743 0.013131 0.771368 0.156356
1716990361.691014940 -21.996205 -0.997741 1.451200 -0.619639 0.004426 0.770354 0.150276
1716990361.758324940 -21.992547 -1.009693 1.398494 -0.595515 -0.001980 0.789120 0.150491
1716990361.825006940 -22.052072 -1.005791 1.417706 -0.595469 -0.007549 0.792220 0.133222
1716990361.892096940 -22.068742 -1.006803 1.429446 -0.589286 -0.007927 0.797016 0.132078
1716990361.959198940 -22.113170 -1.011295 1.419632 -0.591952 -0.010434 0.795267 0.130512
1716990362.026159940 -22.156310 -1.013408 1.404877 -0.592929 -0.010402 0.795550 0.124208
1716990362.093057940 -22.225515 -1.012590 1.418234 -0.602433 -0.008367 0.788617 0.122831
1716990362.160045940 -22.262177 -1.014592 1.413130 -0.600951 -0.002331 0.788823 0.128878
1716990362.226851940 -22.295542 -1.016475 1.420943 -0.602053 0.007472 0.787533 0.131408
1716990362.293981940 -22.368511 -1.017064 1.432991 -0.609176 0.020081 0.782279 0.128611
1716990362.361059940 -22.437950 -1.021105 1.422385 -0.608521 0.027065 0.782937 0.126407
1716990362.427986940 -22.491723 -1.015130 1.461535 -0.608706 0.030932 0.784054 0.117389
1716990362.495062940 -22.557605 -1.016965 1.470789 -0.613964 0.031031 0.778879 0.124228
1716990362.561996940 -22.583912 -1.018688 1.452830 -0.601541 0.025893 0.787165 0.133602
1716990362.628992940 -22.631209 -1.009878 1.463482 -0.602727 0.025123 0.785923 0.135695
1716990362.696066940 -22.660126 -1.007679 1.447834 -0.597227 0.022747 0.789576 0.139188
1716990362.762928940 -22.710429 -1.000422 1.435543 -0.598532 0.019552 0.789234 0.135963
1716990362.829855940 -22.760350 -0.999081 1.442195 -0.601075 0.017672 0.787929 0.132530
1716990362.896804940 -22.807733 -0.998235 1.450848 -0.602265 0.016061 0.786889 0.133507
1716990362.963936940 -22.847541 -0.998541 1.454814 -0.604319 0.015299 0.785083 0.134942
1716990363.030935940 -22.892290 -1.000408 1.449034 -0.604405 0.014298 0.785530 0.132032
1716990363.097860940 -22.960796 -0.992891 1.471463 -0.613170 0.012082 0.779950 0.124716
1716990363.165016940 -23.003145 -0.994434 1.457023 -0.601962 0.011322 0.789479 0.119321
1716990363.231784940 -23.082700 -0.984696 1.484592 -0.602849 0.008489 0.790201 0.109924
1716990363.298908940 -23.096685 -0.985211 1.473967 -0.595915 0.011311 0.794882 0.113666
1716990363.365908940 -23.126240 -0.986229 1.463284 -0.588482 0.008648 0.802150 0.100838
1716990363.432790940 -23.193318 -0.980453 1.466939 -0.591205 -0.001194 0.801413 0.090618
1716990363.499748940 -23.230099 -0.983229 1.452427 -0.582768 -0.003332 0.807719 0.089219
1716990363.566591940 -23.270822 -0.977551 1.466876 -0.582103 -0.005326 0.808739 0.084079
1716990363.633750940 -23.313042 -0.978773 1.467873 -0.584150 -0.005771 0.807395 0.082755
1716990363.700817940 -23.368153 -0.985895 1.469847 -0.588059 -0.010457 0.804358 0.084172
1716990363.767733940 -23.415795 -0.989681 1.476748 -0.589110 -0.009954 0.803746 0.082718
1716990363.834739940 -23.469685 -1.001248 1.471942 -0.590100 -0.008992 0.802324 0.089313
1716990363.901815940 -23.521980 -1.009796 1.472513 -0.591989 0.001440 0.800414 0.094259
1716990363.968799940 -23.606884 -1.014678 1.473439 -0.602806 0.007501 0.791624 0.099498
1716990364.035799940 -23.706218 -1.042199 1.432645 -0.603618 0.006951 0.789284 0.112377
1716990364.102683940 -23.683753 -0.996202 1.503339 -0.594221 0.014435 0.798578 0.094686
1716990364.169677940 -23.758794 -1.010438 1.466209 -0.590252 0.008665 0.799502 0.111015
1716990364.236489940 -23.753072 -0.985133 1.529169 -0.578216 0.018452 0.809733 0.098278
1716990364.303622940 -23.826997 -0.991426 1.508289 -0.582536 0.012770 0.805774 0.105909
1716990364.370674940 -23.855653 -0.980950 1.526453 -0.578750 0.017023 0.809817 0.094635
1716990364.437600940 -23.907334 -1.000205 1.499590 -0.580851 0.011473 0.807870 0.099131
1716990364.504614940 -23.952441 -1.009806 1.490822 -0.581855 0.013273 0.807630 0.094879
1716990364.571595940 -24.000751 -1.015621 1.490046 -0.585189 0.009048 0.805474 0.093185
1716990364.638611940 -24.055217 -1.025600 1.482233 -0.587204 0.006046 0.803919 0.094178
1716990364.705615940 -24.120862 -1.027615 1.487264 -0.593671 0.000451 0.799454 0.091805
1716990364.772580940 -24.158997 -1.027932 1.486565 -0.589038 0.000715 0.802941 0.091206
1716990364.839493940 -24.206657 -1.025384 1.491678 -0.592639 -0.004443 0.800702 0.087381
1716990364.906352940 -24.258182 -1.025662 1.486645 -0.593396 -0.011022 0.800905 0.079442
1716990364.973491940 -24.315889 -1.021092 1.491865 -0.598252 -0.019883 0.797922 0.070855
1716990365.040480940 -24.348563 -1.019846 1.482421 -0.587752 -0.020968 0.805503 0.072615
1716990365.107497940 -24.386057 -1.018222 1.474880 -0.583960 -0.025207 0.807966 0.074476
1716990365.174526940 -24.415760 -1.017902 1.471266 -0.580797 -0.021691 0.810516 0.072583
1716990365.241520940 -24.469493 -1.019481 1.475759 -0.584585 -0.024098 0.807918 0.070347
1716990365.308494940 -24.510221 -1.022142 1.470464 -0.584037 -0.020839 0.808256 0.072033
1716990365.375476940 -24.567170 -1.025248 1.471671 -0.588778 -0.019222 0.804737 0.073281
1716990365.442404940 -24.597703 -1.031068 1.472476 -0.585125 -0.010752 0.807561 0.073202
1716990365.509410940 -24.687143 -1.035047 1.489617 -0.598727 -0.009050 0.797445 0.074341
1716990365.576180940 -24.756606 -1.056700 1.471574 -0.591095 -0.002252 0.802982 0.076300
1716990365.643392940 -24.878796 -1.058741 1.534572 -0.607564 0.000190 0.790936 0.072704
1716990365.710334940 -24.926061 -1.066068 1.552218 -0.610427 0.003082 0.788531 0.074756
1716990365.777455940 -24.979206 -1.075492 1.557590 -0.618084 -0.003239 0.782591 0.074256
1716990365.844360940 -25.026760 -1.085985 1.558044 -0.618331 -0.007129 0.782277 0.075226
1716990365.911479940 -25.070737 -1.098460 1.557911 -0.617721 -0.011531 0.782017 0.082079
1716990365.978324940 -25.130304 -1.107656 1.544821 -0.622415 -0.016063 0.777699 0.086756
1716990366.045357940 -25.182491 -1.116795 1.536296 -0.622131 -0.020726 0.777530 0.089275
1716990366.112237940 -25.219404 -1.118495 1.542726 -0.621857 -0.021498 0.778046 0.086466
1716990366.179418940 -25.273383 -1.123107 1.530331 -0.623527 -0.024246 0.776465 0.087909
1716990366.246107940 -25.329547 -1.125070 1.533450 -0.625653 -0.025357 0.774809 0.087103
1716990366.313286940 -25.373310 -1.127140 1.538456 -0.626230 -0.023093 0.774251 0.088534
1716990366.380224940 -25.391235 -1.117444 1.515520 -0.616065 -0.017972 0.782723 0.086517
1716990366.447239940 -25.421743 -1.100382 1.537413 -0.609438 -0.013734 0.789334 0.073136
1716990366.514226940 -25.443686 -1.094960 1.508482 -0.600649 -0.012327 0.795663 0.077397
1716990366.581235940 -25.452019 -1.076991 1.527133 -0.593975 -0.004666 0.801757 0.066011
1716990366.648230940 -25.482713 -1.075890 1.500667 -0.593875 -0.007358 0.801742 0.066847
1716990366.715242940 -25.504512 -1.067901 1.505311 -0.590172 -0.005088 0.805195 0.057727
1716990366.782145940 -25.528726 -1.062872 1.505745 -0.585529 -0.003539 0.808660 0.056669
1716990366.849108940 -25.562024 -1.056472 1.511412 -0.581782 0.000164 0.811715 0.051462
1716990366.915984940 -25.591139 -1.057726 1.512715 -0.574189 0.005061 0.816764 0.056373
1716990366.983110940 -25.585656 -1.073114 1.503864 -0.558913 0.017234 0.826917 0.059398
1716990367.050103940 -25.689799 -1.046842 1.590446 -0.586389 0.026463 0.807865 0.052928
1716990367.117107940 -25.749167 -1.063666 1.531901 -0.580589 0.020659 0.811484 0.063112
1716990367.184197940 -25.857847 -1.062910 1.609225 -0.592450 0.025773 0.802594 0.064671
1716990367.251181940 -25.938091 -1.072107 1.561428 -0.595392 0.017656 0.797961 0.091953
1716990367.318203940 -25.962661 -1.081531 1.551007 -0.587028 0.030552 0.803049 0.097861
1716990367.385232940 -26.075496 -1.089226 1.569104 -0.606881 0.029038 0.786389 0.111552
1716990367.451975940 -26.114465 -1.107066 1.530687 -0.602331 0.031893 0.788118 0.122681
1716990367.519002940 -26.185651 -1.112006 1.532617 -0.606566 0.029397 0.784475 0.125750
1716990367.585862940 -26.223155 -1.117777 1.535753 -0.604080 0.030314 0.786180 0.126848
1716990367.653064940 -26.260452 -1.123329 1.531470 -0.602726 0.031589 0.786420 0.131405
1716990367.720074940 -26.304650 -1.118563 1.566953 -0.610652 0.035836 0.781138 0.125071
1716990367.786992940 -26.361905 -1.125669 1.524399 -0.611805 0.033737 0.778767 0.134457
1716990367.853984940 -26.433907 -1.122352 1.530460 -0.618564 0.028797 0.774349 0.130125
1716990367.920978940 -26.477466 -1.124579 1.529295 -0.611302 0.030574 0.780129 0.129515
1716990367.987991940 -26.522881 -1.124687 1.522049 -0.607630 0.027091 0.783629 0.126406
1716990368.055020940 -26.576769 -1.120622 1.516662 -0.603388 0.026444 0.789090 0.112076
1716990368.121948940 -26.620172 -1.122635 1.503111 -0.599497 0.018616 0.791819 0.115237
1716990368.188864940 -26.664166 -1.112911 1.530790 -0.597553 0.020685 0.794981 0.102508
1716990368.255799940 -26.781459 -1.085034 1.515861 -0.612931 0.030386 0.781628 0.111583
1716990368.322852940 -26.908635 -1.072517 1.534888 -0.633849 0.032393 0.764355 0.113787
1716990368.389957940 -26.931340 -1.087896 1.534598 -0.626833 0.028118 0.769503 0.118977
1716990368.456845940 -27.008706 -1.090745 1.546438 -0.635622 0.028512 0.762596 0.116698
1716990368.523864940 -27.033163 -1.110739 1.546457 -0.616420 0.033763 0.777994 0.116669
1716990368.590938940 -27.193029 -1.099801 1.543157 -0.636991 0.038303 0.760037 0.122959
1716990368.657936940 -27.205718 -1.119310 1.539944 -0.621987 0.046349 0.768811 0.141117
1716990368.725006940 -27.262508 -1.177112 1.510856 -0.633563 0.012454 0.760512 0.141646
1716990368.791692940 -27.271829 -1.204432 1.476977 -0.628466 0.006598 0.763120 0.150446
1716990368.858844940 -27.365829 -1.226730 1.476072 -0.646668 -0.004488 0.748524 0.146666
1716990368.925610940 -27.427836 -1.242758 1.449594 -0.655995 -0.012165 0.738883 0.153541
1716990368.992697940 -27.464337 -1.262667 1.432623 -0.654376 -0.017487 0.739133 0.158645
1716990369.059736940 -27.531398 -1.280039 1.464578 -0.661060 -0.021528 0.734308 0.152732
1716990369.126788940 -27.541445 -1.257254 1.299714 -0.662959 -0.030695 0.731412 0.156779
1716990369.193772940 -27.598776 -1.277296 1.302001 -0.669562 -0.039905 0.723454 0.163430
1716990369.260719940 -27.649489 -1.302765 1.318544 -0.670015 -0.041156 0.720367 0.174520
1716990369.327707940 -27.697720 -1.319480 1.333670 -0.671050 -0.037440 0.719043 0.176823
1716990369.394735940 -27.756462 -1.357667 1.279358 -0.674421 -0.037031 0.712280 0.190898
1716990369.461630940 -27.796418 -1.358660 1.299236 -0.677299 -0.028825 0.709649 0.191923
1716990369.528574940 -27.870158 -1.349867 1.426111 -0.684615 0.000050 0.700216 0.202486
1716990369.595470940 -27.930631 -1.360703 1.424157 -0.688280 -0.005237 0.695468 0.206317
1716990369.662631940 -27.986700 -1.362163 1.427535 -0.690189 -0.003507 0.693164 0.207728
1716990369.729653940 -28.011080 -1.373817 1.426388 -0.684065 0.002928 0.693771 0.225230
1716990369.796553940 -28.046910 -1.389673 1.412971 -0.680031 0.011678 0.692075 0.241771
1716990369.863593940 -28.073975 -1.393122 1.425929 -0.668994 0.022501 0.700342 0.247913
1716990369.930588940 -28.137007 -1.377753 1.446766 -0.668376 0.036560 0.694175 0.264684
1716990369.997653940 -28.139090 -1.386193 1.459642 -0.651787 0.053616 0.700907 0.284656
1716990370.064477940 -28.192986 -1.376587 1.478736 -0.648498 0.073997 0.692777 0.306651
1716990370.131479940 -27.947988 -1.407045 1.514979 -0.625422 0.091145 0.712098 0.305706
1716990370.198468940 -27.686231 -1.109432 1.164848 -0.626583 0.069557 0.717563 0.296073
1716990370.265450940 -27.939690 -1.066990 1.036591 -0.626424 0.092109 0.684578 0.361194
1716990370.332492940 -27.969841 -1.017703 1.032029 -0.615980 0.110768 0.674787 0.391103
1716990370.399481940 -27.910192 -0.950742 0.994665 -0.595182 0.127596 0.668961 0.426579
1716990370.466556940 -27.949634 -0.857528 0.931587 -0.580341 0.152471 0.656125 0.457665
1716990370.533548940 -27.993211 -1.151465 1.207960 -0.571969 0.163817 0.646244 0.477896
1716990370.600569940 -28.259776 -1.253920 1.143395 -0.562710 0.172095 0.632382 0.503819
1716990370.667484940 -28.518831 -1.613320 1.173123 -0.566217 0.257368 0.443105 0.645614
1716990370.734371940 -27.114896 -0.952663 0.604857 -0.558236 0.191779 0.568494 0.573068
1716990370.801327940 -27.143360 -1.046522 0.648779 -0.523698 0.137096 0.666204 0.512951
1716990370.868242940 -27.213691 -1.149160 0.722538 -0.487495 0.096760 0.743874 0.446808
1716990370.935394940 -27.177731 -1.070285 0.722173 -0.518730 0.179699 0.717454 0.428822
1716990371.002339940 -27.127065 -0.363116 0.505650 -0.535306 0.250935 0.680938 0.432206
1716990371.069363940 -27.305769 -0.298043 0.812985 -0.578325 0.277246 0.630733 0.436865
1716990371.136384940 -27.645914 -1.091528 1.673602 -0.549048 0.261666 0.660022 0.440962
1716990371.203409940 -27.730874 -1.227292 1.824899 -0.520158 0.226317 0.688398 0.452023
1716990371.270521940 -27.795733 -1.211478 1.845669 -0.490076 0.223991 0.691398 0.481272
1716990371.337367940 -27.827871 -1.321625 2.000057 -0.463995 0.224083 0.696332 0.499617
1716990371.404239940 -27.736496 -0.291580 1.470928 -0.523747 0.372312 0.572283 0.509475
1716990371.471239940 -27.920477 -0.245735 1.648990 -0.529445 0.383654 0.538024 0.532003
1716990371.538185940 -27.941659 -0.174887 1.646242 -0.524160 0.404261 0.500566 0.557910
1716990371.605302940 -27.944935 -0.111142 1.641514 -0.500390 0.432128 0.472856 0.582480
1716990371.672242940 -27.900783 -0.079311 1.603232 -0.473835 0.451555 0.456080 0.602968
1716990371.739223940 -27.890018 -0.057886 1.605081 -0.443149 0.475214 0.438960 0.620568
1716990371.806309940 -27.852175 -0.029576 1.582045 -0.417104 0.498501 0.416615 0.635573
1716990371.873238940 -27.869012 0.009665 1.572219 -0.388410 0.516867 0.384856 0.658689
1716990371.940239940 -27.853593 0.038561 1.557481 -0.360773 0.537439 0.352213 0.675979
1716990372.007229940 -27.809668 0.067727 1.538355 -0.337067 0.554959 0.321404 0.689279
1716990372.074097940 -27.770051 0.098877 1.531815 -0.318953 0.568921 0.289653 0.700499
1716990372.141121940 -27.697111 0.082396 1.539589 -0.283434 0.585654 0.271146 0.709333
1716990372.207969940 -27.651328 0.037099 1.567361 -0.255369 0.594845 0.249628 0.720161
1716990372.275179940 -27.644692 0.074359 1.545298 -0.230801 0.600897 0.211839 0.735376
1716990372.342107940 -27.570252 0.082618 1.577117 -0.198261 0.614590 0.189544 0.739625
1716990372.409176940 -27.544128 0.089006 1.577483 -0.182050 0.613268 0.155530 0.752709
1716990372.476170940 -27.506762 0.181162 1.591188 -0.181157 0.623732 0.115059 0.751599
1716990372.543189940 -27.486061 0.173393 1.570324 -0.161277 0.627861 0.064780 0.758672
1716990372.610158940 -27.458078 0.136449 1.556947 -0.134652 0.633367 0.038301 0.761084
1716990372.677145940 -27.432733 0.123299 1.542169 -0.116054 0.635643 0.016139 0.763039
1716990372.744063940 -27.405063 0.126410 1.538559 -0.098095 0.639518 -0.005446 0.762473
1716990372.811073940 -27.432786 0.120437 1.522410 -0.086293 0.637715 -0.022076 0.765105
1716990372.877871940 -27.428056 0.106467 1.513338 -0.066718 0.640373 -0.034494 0.764383
1716990372.945055940 -27.401111 0.112322 1.508695 -0.052398 0.647842 -0.053340 0.758096
1716990373.012069940 -27.423349 0.122531 1.500584 -0.037832 0.637140 -0.065901 0.766993
1716990373.079031940 -27.382052 0.100487 1.507256 -0.018769 0.642127 -0.070375 0.763130
1716990373.146057940 -27.376449 0.110603 1.507532 -0.010204 0.637408 -0.084000 0.765867
1716990373.213019940 -27.338006 0.058687 1.512488 0.004226 0.643086 -0.081036 0.761482
1716990373.280044940 -27.332669 0.051596 1.510760 0.009924 0.638974 -0.086033 0.764338
1716990373.346992940 -27.316605 0.054383 1.506389 0.009395 0.640418 -0.092530 0.762374
1716990373.413857940 -27.305742 0.064226 1.500969 0.011489 0.635419 -0.093619 0.766385
1716990373.480866940 -27.314195 0.075441 1.496482 0.009246 0.628360 -0.096708 0.771833
1716990373.547747940 -27.294256 0.036116 1.499528 0.019734 0.626624 -0.092487 0.773562
1716990373.614898940 -27.256041 0.056016 1.504339 0.016622 0.629247 -0.096405 0.771024
1716990373.681816940 -27.233647 0.031635 1.500944 0.021920 0.625673 -0.092476 0.774275
1716990373.748854940 -27.194509 0.031387 1.503282 0.024891 0.624918 -0.095101 0.774477
1716990373.815857940 -27.155866 0.047413 1.511517 0.023939 0.624564 -0.097262 0.774524
1716990373.882851940 -27.127471 0.040363 1.510728 0.023960 0.621381 -0.095765 0.777265
1716990373.949851940 -27.091625 0.044270 1.515363 0.024820 0.620616 -0.094023 0.778061
1716990374.016858940 -27.055275 0.049191 1.520572 0.027364 0.617791 -0.095035 0.780099
1716990374.083805940 -27.010283 0.052631 1.525487 0.032033 0.619940 -0.093830 0.778360
1716990374.150733940 -26.987284 0.061702 1.535809 0.047312 0.614196 -0.095468 0.781928
1716990374.217606940 -26.892991 -0.098927 1.515043 0.084651 0.617927 -0.067494 0.778746
1716990374.284743940 -26.893196 -0.120245 1.494898 0.084144 0.602564 -0.047384 0.792207
1716990374.351727940 -26.840349 -0.047526 1.520334 0.077148 0.614198 -0.068733 0.782358
1716990374.418730940 -26.771031 0.037164 1.516683 0.058165 0.623376 -0.077844 0.775861
1716990374.485723940 -26.672326 -0.064603 1.540748 0.071367 0.646419 -0.068340 0.756557
1716990374.552730940 -26.628787 -0.042850 1.542324 0.068619 0.644943 -0.077281 0.757210
1716990374.619730940 -26.520832 -0.033406 1.532861 0.065054 0.653197 -0.092317 0.748718
1716990374.686738940 -26.505721 -0.024384 1.531447 0.058205 0.646489 -0.091981 0.755118
1716990374.753594940 -26.470857 -0.018084 1.540074 0.052718 0.644677 -0.099047 0.756176
1716990374.820612940 -26.444470 -0.014712 1.545779 0.048248 0.641862 -0.094982 0.759384
1716990374.887494940 -26.419841 -0.031760 1.549082 0.051606 0.636612 -0.091172 0.764035
1716990374.954606940 -26.366801 -0.043073 1.553932 0.051105 0.634984 -0.083027 0.766348
1716990375.021607940 -26.335707 -0.062536 1.555831 0.056861 0.626602 -0.073604 0.773769
1716990375.088756940 -26.339470 -0.040957 1.550764 0.046445 0.614689 -0.065464 0.784675
1716990375.155533940 -26.288705 -0.059728 1.553233 0.053134 0.619325 -0.065773 0.780568
1716990375.222690940 -26.268826 -0.054575 1.535489 0.042041 0.620390 -0.059375 0.780912
1716990375.289721940 -26.245861 -0.034918 1.522667 0.039651 0.621582 -0.067749 0.779406
1716990375.356647940 -26.220865 -0.020969 1.505810 0.033845 0.621572 -0.070783 0.779418
1716990375.423564940 -26.177836 -0.099223 1.496949 0.047693 0.621045 -0.058808 0.780109
1716990375.490582940 -26.131857 -0.122244 1.493325 0.056913 0.616389 -0.050091 0.783783
1716990375.557439940 -26.099727 -0.134590 1.498690 0.056826 0.613165 -0.046137 0.786556
1716990375.624575940 -26.047783 -0.138888 1.499513 0.069368 0.613162 -0.050211 0.785302
1716990375.691553940 -25.998233 -0.145745 1.494588 0.062953 0.620044 -0.044840 0.780751
1716990375.758582940 -25.906549 -0.181861 1.479514 0.075710 0.627277 -0.051720 0.773380
1716990375.825456940 -25.943082 -0.155358 1.489947 0.071657 0.610691 -0.054270 0.786751
1716990375.892566940 -25.869777 -0.191377 1.476850 0.076411 0.620043 -0.057817 0.778694
1716990375.959475940 -25.792607 -0.164176 1.464073 0.079570 0.623720 -0.057844 0.775433
1716990376.026579940 -25.753800 -0.132026 1.453313 0.067916 0.623782 -0.056956 0.776556
1716990376.093447940 -25.677856 -0.141190 1.433978 0.069660 0.629715 -0.049133 0.772135
1716990376.160373940 -25.660529 -0.082055 1.432967 0.051716 0.626329 -0.045311 0.776521
1716990376.227305940 -25.614175 -0.087179 1.427464 0.049017 0.629472 -0.046945 0.774053
1716990376.294426940 -25.570390 -0.086850 1.427106 0.043498 0.635794 -0.036935 0.769747
1716990376.361477940 -25.521927 -0.083377 1.428144 0.036077 0.642580 -0.034657 0.764584
1716990376.428382940 -25.474565 -0.076127 1.431657 0.033081 0.647879 -0.027799 0.760516
1716990376.495451940 -25.421201 -0.069645 1.436102 0.027743 0.653482 -0.024339 0.756042
1716990376.562465940 -25.375081 -0.092095 1.445237 0.024863 0.661580 -0.007600 0.749424
1716990376.629427940 -25.291668 -0.082324 1.452314 0.013983 0.669843 -0.007313 0.742335
1716990376.696392940 -25.226196 -0.116449 1.452818 0.014306 0.672709 0.010604 0.739693
1716990376.763356940 -25.164368 -0.052363 1.469949 -0.008984 0.675072 0.004723 0.737682
1716990376.830294940 -25.171250 -0.112380 1.486950 -0.010062 0.655665 0.034935 0.754177
1716990376.897207940 -25.157285 -0.092921 1.472275 -0.032768 0.643985 0.030259 0.763737
1716990376.964265940 -25.122521 -0.080773 1.466641 -0.042133 0.638077 0.033939 0.768069
1716990377.031248940 -25.095279 -0.063841 1.460444 -0.053063 0.625811 0.037430 0.777267
1716990377.098348940 -25.044202 -0.059339 1.466473 -0.057892 0.626187 0.042552 0.776355
1716990377.165299940 -24.985198 -0.049188 1.472145 -0.058078 0.626457 0.041484 0.776182
1716990377.232206940 -24.926932 -0.040750 1.476544 -0.060021 0.627727 0.042900 0.774929
1716990377.299205940 -24.906300 -0.012996 1.485199 -0.062528 0.625476 0.040939 0.776656
1716990377.366209940 -24.851394 -0.024172 1.474048 -0.056737 0.618736 0.041933 0.782424
1716990377.433205940 -24.871115 0.016261 1.476532 -0.058938 0.598150 0.030989 0.798613
1716990377.500142940 -24.823619 0.029363 1.480745 -0.054173 0.601919 0.026948 0.796261
1716990377.566982940 -24.778660 0.020792 1.474631 -0.053271 0.606477 0.022432 0.792997
1716990377.634207940 -24.740872 0.051560 1.465671 -0.052725 0.611800 0.012212 0.789159
1716990377.701144940 -24.684584 0.038017 1.449288 -0.043126 0.620096 0.004963 0.783324
1716990377.768250940 -24.633604 0.038905 1.437254 -0.037664 0.623256 -0.000971 0.781109
1716990377.835063940 -24.586708 0.039062 1.443965 -0.035645 0.624985 -0.007743 0.779784
1716990377.902231940 -24.531502 0.008239 1.444300 -0.024870 0.626861 -0.003458 0.778726
1716990377.969189940 -24.458142 0.005669 1.454848 -0.022012 0.632289 -0.002546 0.774416
1716990378.036190940 -24.403018 -0.004272 1.463295 -0.019900 0.630120 0.003077 0.776236
1716990378.103071940 -24.346732 -0.013676 1.472470 -0.018380 0.631206 0.005237 0.775379
1716990378.170030940 -24.259759 0.020467 1.501739 -0.022528 0.635234 -0.001606 0.771989
1716990378.236963940 -24.204575 0.010313 1.508333 -0.025895 0.635710 -0.005188 0.771476
1716990378.304014940 -24.157628 0.029602 1.527052 -0.026271 0.635718 -0.007537 0.771438
1716990378.370976940 -24.126242 0.046335 1.538386 -0.032238 0.634452 -0.011110 0.772210
1716990378.438067940 -24.071930 0.042372 1.528908 -0.040641 0.642151 -0.012102 0.765404
1716990378.505048940 -24.052156 0.064886 1.514213 -0.045332 0.639907 -0.014238 0.766982
1716990378.572085940 -23.996081 0.073932 1.509080 -0.048963 0.646095 -0.019015 0.761447
1716990378.639032940 -23.985413 0.092987 1.514391 -0.047873 0.638319 -0.018589 0.768057
1716990378.706069940 -23.937073 0.116294 1.523713 -0.051792 0.636533 -0.019220 0.769268
1716990378.772910940 -23.898681 0.109670 1.532905 -0.046755 0.631520 -0.010979 0.773871
1716990378.839958940 -23.896961 0.126328 1.536161 -0.046802 0.618934 -0.009693 0.783987
1716990378.906774940 -23.848664 0.037559 1.498732 -0.028209 0.621827 0.005941 0.782624
1716990378.973819940 -23.746236 0.045462 1.519425 -0.017087 0.620728 -0.000488 0.783840
1716990379.040845940 -23.765754 0.050665 1.509784 -0.012081 0.595096 0.007308 0.803531
1716990379.107853940 -23.782788 0.042756 1.506121 -0.019560 0.585945 0.009537 0.810059
1716990379.174854940 -23.709859 0.064798 1.506141 -0.012694 0.590627 0.010853 0.806772
1716990379.241882940 -23.683839 0.040903 1.489524 -0.003886 0.590209 0.020986 0.806968
1716990379.308829940 -23.701680 0.036685 1.451951 0.000453 0.580602 0.029791 0.813642
1716990379.375863940 -23.620995 0.031436 1.457359 0.004720 0.591992 0.027058 0.805476
1716990379.442716940 -23.580883 0.030286 1.460010 0.001979 0.594149 0.028487 0.803848
1716990379.509733940 -23.543054 0.045714 1.470545 0.000579 0.597951 0.026664 0.801089
1716990379.576595940 -23.501140 0.051186 1.472578 -0.003568 0.602306 0.022781 0.797932
1716990379.643727940 -23.392777 0.002008 1.465900 0.003410 0.613435 0.028922 0.789208
1716990379.710731940 -23.288309 -0.018653 1.466338 0.000838 0.620808 0.030320 0.783376
1716990379.777790940 -23.248820 -0.013407 1.472343 -0.005228 0.620352 0.025446 0.783893
1716990379.844694940 -23.213336 0.073445 1.489020 -0.021350 0.608927 0.002370 0.792935
1716990379.911746940 -23.157937 0.041775 1.483163 -0.025400 0.608013 0.005341 0.793503
1716990379.978716940 -23.149976 0.057859 1.480880 -0.035666 0.597788 0.008845 0.800812
1716990380.045781940 -23.080769 0.035723 1.472513 -0.034677 0.600103 0.011613 0.799086
1716990380.112567940 -23.045229 0.041110 1.473724 -0.036655 0.603392 0.018371 0.796390
1716990380.179579940 -22.954618 0.040179 1.469601 -0.039080 0.617466 0.019150 0.785393
1716990380.246482940 -22.900246 0.029431 1.463775 -0.035968 0.620898 0.028094 0.782562
1716990380.313615940 -22.859876 0.050416 1.474410 -0.038236 0.619234 0.028987 0.783739
1716990380.380590940 -22.802709 0.054296 1.491052 -0.032817 0.618797 0.040501 0.783819
1716990380.447614940 -22.768601 0.039394 1.493761 -0.025886 0.611045 0.054084 0.789322
1716990380.514603940 -22.669919 0.058913 1.515727 -0.025433 0.620488 0.045066 0.782507
1716990380.581596940 -22.655697 0.051254 1.495661 -0.022172 0.605527 0.048859 0.794014
1716990380.648599940 -22.642723 0.047317 1.481589 -0.026671 0.589926 0.026769 0.806573
1716990380.715609940 -22.606027 0.050927 1.485118 -0.021366 0.578968 0.022409 0.814762
1716990380.782483940 -22.567763 0.052909 1.490999 -0.019340 0.574860 0.013569 0.817911
1716990380.849476940 -22.547501 0.046752 1.477699 -0.013550 0.569112 0.016583 0.821981
1716990380.916347940 -22.484063 0.050319 1.479899 -0.007462 0.579962 0.020032 0.814363
1716990380.983473940 -22.465313 0.082184 1.477794 -0.007214 0.580857 0.021212 0.813697
1716990381.050484940 -22.411757 0.063876 1.474323 -0.004794 0.588921 0.027414 0.807711
1716990381.117492940 -22.367159 0.059427 1.472748 -0.001682 0.587684 0.033353 0.808401
1716990381.184478940 -22.333711 0.087684 1.492074 -0.010263 0.576618 0.032150 0.816317
1716990381.251487940 -22.357942 0.095867 1.433054 -0.015211 0.548650 0.029364 0.835398
1716990381.318485940 -22.218333 0.095530 1.461475 -0.019740 0.569558 0.035738 0.820936
1716990381.385478940 -22.164924 0.087355 1.461803 -0.017843 0.570933 0.041545 0.819751
1716990381.452397940 -22.094544 0.099006 1.466682 -0.026062 0.566730 0.040512 0.822494
1716990381.519381940 -22.048518 0.101427 1.462894 -0.022737 0.557361 0.050231 0.828437
1716990381.586242940 -22.008286 0.124783 1.465336 -0.026470 0.556754 0.043151 0.829133
1716990381.653356940 -21.963540 0.132770 1.460606 -0.022955 0.557404 0.043172 0.828800
1716990381.720351940 -21.929430 0.124771 1.438243 -0.028654 0.556768 0.049965 0.828669
1716990381.787374940 -21.818725 0.159190 1.463043 -0.030628 0.581195 0.041875 0.812109
1716990381.854448940 -21.815698 0.204974 1.474767 -0.029545 0.577555 0.028257 0.815328
1716990381.921289940 -21.715616 0.150827 1.463545 -0.011745 0.596367 0.025887 0.802209
1716990381.988420940 -21.687907 0.139793 1.431185 0.005261 0.585685 0.019364 0.810290
1716990382.055365940 -21.663183 0.177841 1.421291 -0.009752 0.585843 -0.000016 0.810366
1716990382.122208940 -21.584642 0.150742 1.430561 0.005316 0.596765 0.000510 0.802398
1716990382.189229940 -21.521986 0.138403 1.438463 0.006279 0.601779 -0.007378 0.798604
1716990382.256127940 -21.466114 0.080357 1.423129 0.021570 0.600390 -0.002980 0.799411
1716990382.323284940 -21.472078 0.102873 1.433746 0.017263 0.587880 -0.009677 0.808706
1716990382.390297940 -21.383864 0.090594 1.448062 0.028749 0.596072 -0.014660 0.802282
1716990382.457295940 -21.330651 0.102960 1.460695 0.031340 0.599333 -0.027986 0.799396
1716990382.524230940 -21.331263 0.124643 1.474945 0.014073 0.587201 -0.021312 0.809038
1716990382.591258940 -21.230602 0.127007 1.488591 0.005717 0.599178 -0.027499 0.800123
1716990382.658326940 -21.215306 0.087273 1.490480 0.009590 0.586609 -0.017197 0.809631
1716990382.725166940 -21.197550 0.118518 1.500034 -0.000779 0.581234 -0.018445 0.813527
1716990382.792101940 -21.162587 0.118031 1.495871 -0.004791 0.569397 -0.004944 0.822034
1716990382.859153940 -21.019091 0.027587 1.474523 0.001500 0.577896 0.028114 0.815624
1716990382.925964940 -20.948980 0.033301 1.491523 -0.003431 0.587118 0.035504 0.808715
1716990382.993089940 -20.887628 0.047488 1.520039 -0.006515 0.601425 0.037634 0.798016
1716990383.060154940 -20.920050 0.158856 1.671245 -0.018570 0.595672 0.044592 0.801774
1716990383.127151940 -20.839443 0.149417 1.593433 -0.038085 0.593202 0.047369 0.802756
1716990383.194159940 -20.849692 0.195793 1.706484 -0.040660 0.593996 0.055692 0.801507
1716990383.261152940 -20.574940 0.087575 1.413565 -0.043104 0.623743 0.039518 0.779439
1716990383.328246940 -20.542189 0.114161 1.497038 -0.056577 0.602164 0.036207 0.795542
1716990383.395161940 -20.585624 0.084494 1.486108 -0.071839 0.542988 0.049367 0.835204
1716990383.462026940 -20.500386 0.061282 1.556045 -0.060175 0.537227 0.064200 0.838835
1716990383.528934940 -20.429947 0.107999 1.656446 -0.057291 0.531787 0.056050 0.843077
1716990383.595887940 -20.349517 -0.071566 1.548954 -0.022032 0.527104 0.085643 0.845187
1716990383.662942940 -20.271208 -0.025207 1.411878 -0.036584 0.535380 0.059009 0.841753
1716990383.729993940 -20.186573 -0.040613 1.452847 -0.008470 0.576336 0.056542 0.815210
1716990383.796984940 -20.170982 0.000578 1.474545 -0.002764 0.603262 0.042322 0.796415
1716990383.863978940 -20.114399 -0.066076 1.474825 0.016386 0.605383 0.056194 0.793779
1716990383.930985940 -20.071412 -0.028223 1.474927 0.015020 0.604418 0.047404 0.795114
1716990383.997976940 -20.018287 -0.031963 1.504614 0.019981 0.610621 0.049185 0.790142
1716990384.065064940 -20.007291 0.004759 1.456972 0.005842 0.604080 0.038907 0.795952
1716990384.131961940 -19.976083 0.014739 1.457961 -0.004183 0.593806 0.047782 0.803177
1716990384.198850940 -19.926756 0.037013 1.408844 -0.019058 0.603380 0.040432 0.796200
1716990384.265743940 -19.884272 0.057439 1.424693 -0.031232 0.592161 0.045085 0.803951
1716990384.332934940 -19.813739 0.105531 1.450477 -0.048648 0.593102 0.042593 0.802527
1716990384.399866940 -19.791980 0.151928 1.458194 -0.069197 0.575449 0.047950 0.813493
1716990384.466864940 -19.699088 0.128290 1.467419 -0.074290 0.578262 0.066511 0.809735
1716990384.533954940 -19.645964 0.134478 1.469412 -0.078830 0.579535 0.070333 0.808071
1716990384.600759940 -19.584110 0.129164 1.458953 -0.085080 0.582727 0.074172 0.804791
1716990384.667853940 -19.522195 0.121931 1.451508 -0.085851 0.592321 0.080670 0.797043
1716990384.734936940 -19.461885 0.117953 1.445179 -0.083664 0.599071 0.081577 0.792123
1716990384.801747940 -19.395182 0.130669 1.454821 -0.079623 0.608081 0.077973 0.786014
1716990384.868844940 -19.329271 0.139505 1.463094 -0.072891 0.615436 0.073026 0.781404
1716990384.935688940 -19.274538 0.122935 1.451794 -0.059259 0.609352 0.077196 0.786905
1716990385.002799940 -19.196991 0.031750 1.436778 -0.036312 0.603845 0.094408 0.790658
1716990385.069795940 -19.204450 0.129879 1.467417 -0.044924 0.594488 0.067368 0.800017
1716990385.136804940 -19.140891 0.132019 1.470893 -0.043268 0.597443 0.067816 0.797866
1716990385.203822940 -19.117465 0.138775 1.458597 -0.046044 0.591590 0.055433 0.803012
1716990385.270824940 -19.071634 0.159050 1.458387 -0.051015 0.591436 0.048469 0.803275
1716990385.337724940 -19.007952 0.169255 1.462693 -0.052631 0.597425 0.044856 0.798937
1716990385.404732940 -18.937284 0.180298 1.469779 -0.052445 0.600715 0.038225 0.796825
1716990385.471698940 -18.871710 0.184661 1.475631 -0.057222 0.607002 0.042691 0.791487
1716990385.538610940 -18.806431 0.191225 1.489122 -0.062427 0.613505 0.048146 0.785745
1716990385.605479940 -18.732102 0.201269 1.501699 -0.061729 0.616300 0.047832 0.783630
1716990385.672704940 -18.651443 0.188455 1.500431 -0.064337 0.619641 0.058365 0.780063
1716990385.739700940 -18.619370 0.219316 1.508468 -0.071974 0.603777 0.055479 0.791957
1716990385.806738940 -18.499075 0.181210 1.506044 -0.074191 0.611630 0.065374 0.784940
1716990385.873638940 -18.509354 0.220244 1.509687 -0.079000 0.596872 0.058973 0.796257
1716990385.940677940 -18.441806 0.186092 1.493995 -0.074878 0.602048 0.063933 0.792366
1716990386.007613940 -18.405530 0.219879 1.496285 -0.073056 0.600770 0.052696 0.794331
1716990386.074615940 -18.309632 0.195937 1.488882 -0.065726 0.612232 0.050654 0.786312
1716990386.141568940 -18.262535 0.211549 1.487881 -0.060843 0.610928 0.045392 0.788038
1716990386.208328940 -18.190176 0.202594 1.499131 -0.049752 0.614056 0.040110 0.786671
1716990386.275477940 -18.131187 0.207999 1.522272 -0.035831 0.616095 0.032167 0.786198
1716990386.342503940 -18.060494 0.207671 1.545417 -0.021229 0.618968 0.023975 0.784763
1716990386.409482940 -18.009738 0.175080 1.543459 -0.007224 0.623024 0.013357 0.782055
1716990386.476487940 -17.960542 0.293361 1.582591 -0.014258 0.620010 -0.021370 0.784173
1716990386.543471940 -17.949684 0.282861 1.713286 -0.007830 0.602351 -0.020985 0.797917
1716990386.610477940 -17.845479 0.163966 1.397454 -0.007617 0.595770 -0.036051 0.802309
1716990386.677473940 -17.823984 0.151185 1.390337 -0.001102 0.592761 -0.035690 0.804586
1716990386.744368940 -17.806878 0.180695 1.406626 -0.005154 0.592959 -0.040302 0.804207
1716990386.811357940 -17.825817 0.327685 1.499502 -0.034161 0.603096 -0.056565 0.794927
1716990386.878229940 -17.772059 0.316300 1.516927 -0.037789 0.604131 -0.051834 0.794299
1716990386.945382940 -17.720011 0.276342 1.472283 -0.044189 0.606226 -0.045603 0.792753
1716990387.012412940 -17.676327 0.213607 1.468891 -0.033408 0.604792 -0.036651 0.794838
1716990387.079393940 -17.577753 0.197596 1.481915 -0.030160 0.612594 -0.037731 0.788921
1716990387.146316940 -17.546934 0.191830 1.483419 -0.031938 0.608981 -0.032641 0.791869
1716990387.213426940 -17.408546 0.121287 1.489118 -0.024325 0.622993 -0.017634 0.781650
1716990387.280432940 -17.392118 0.202454 1.538307 -0.035639 0.612539 -0.020142 0.789380
1716990387.347445940 -17.341164 0.188811 1.517806 -0.042068 0.617672 -0.019174 0.785076
1716990387.414245940 -17.306565 0.215367 1.512978 -0.046947 0.613576 -0.020626 0.787969
1716990387.481232940 -17.264899 0.257764 1.497152 -0.057150 0.612543 -0.029022 0.787834
1716990387.548120940 -17.225222 0.255871 1.494333 -0.057202 0.611719 -0.023877 0.788643
1716990387.615243940 -17.178664 0.274985 1.497159 -0.061881 0.611868 -0.032355 0.787872
1716990387.682231940 -17.135420 0.243000 1.488658 -0.062504 0.614307 -0.017138 0.786401
1716990387.749231940 -17.076650 0.253466 1.494563 -0.065707 0.618905 -0.020440 0.782445
1716990387.816239940 -17.042937 0.254853 1.483162 -0.066795 0.615037 -0.022408 0.785344
1716990387.883268940 -16.947041 0.267941 1.503201 -0.057752 0.627875 -0.022569 0.775840
1716990387.950239940 -16.849864 0.287212 1.536415 -0.046340 0.631194 -0.032010 0.773578
1716990388.017219940 -16.810289 0.261619 1.512957 -0.031542 0.619539 -0.029893 0.783762
1716990388.084179940 -16.795031 0.323301 1.510394 -0.039973 0.610797 -0.055727 0.788812
1716990388.151108940 -16.733519 0.249417 1.496895 -0.020802 0.615985 -0.039354 0.786499
1716990388.217973940 -16.663723 0.328145 1.515392 -0.033818 0.623646 -0.064810 0.778281
1716990388.285249940 -16.656963 0.278606 1.489787 -0.029329 0.614641 -0.049106 0.786730
1716990388.352063940 -16.566073 0.293331 1.494664 -0.032911 0.625283 -0.061222 0.777296
1716990388.419215940 -16.513266 0.256707 1.482721 -0.026161 0.627116 -0.061403 0.776061
1716990388.486120940 -16.479336 0.252563 1.494049 -0.033137 0.627945 -0.055936 0.775538
1716990388.553369940 -16.374083 0.270211 1.507539 -0.039520 0.642208 -0.058458 0.763275
1716990388.620107940 -16.338277 0.239609 1.500870 -0.034915 0.637268 -0.052072 0.768088
1716990388.687111940 -16.267197 0.234818 1.503730 -0.038560 0.639751 -0.051651 0.765875
1716990388.754062940 -16.186035 0.203979 1.515553 -0.034066 0.632046 -0.043071 0.772983
1716990388.821053940 -16.161531 0.228840 1.527964 -0.044895 0.616732 -0.034833 0.785120
1716990388.887849940 -16.117055 0.231287 1.522306 -0.050054 0.610414 -0.028938 0.789969
1716990388.954992940 -16.080499 0.239112 1.520945 -0.060445 0.606977 -0.024240 0.792047
1716990389.021993940 -16.005259 0.248415 1.532000 -0.052668 0.608518 -0.027107 0.791326
1716990389.088986940 -15.923851 0.201825 1.523297 -0.040097 0.611478 -0.018970 0.790017
1716990389.156004940 -15.919226 0.231305 1.520150 -0.036377 0.598825 -0.022369 0.799740
1716990389.222984940 -15.817430 0.168680 1.517435 -0.019365 0.609512 -0.009224 0.792487
1716990389.289991940 -15.803177 0.230950 1.489643 -0.021915 0.593814 -0.024305 0.803937
1716990389.357072940 -15.723734 0.199204 1.488344 -0.007779 0.592750 -0.020738 0.805082
1716990389.423867940 -15.680199 0.182565 1.467157 0.006514 0.583844 -0.022730 0.811522
1716990389.490930940 -15.653700 0.217531 1.490167 0.015638 0.590123 -0.032394 0.806512
1716990389.557762940 -15.626562 0.228434 1.491301 0.023992 0.590795 -0.040749 0.805435
1716990389.624919940 -15.588577 0.459267 1.512676 -0.018851 0.586540 -0.096401 0.803942
1716990389.691858940 -15.562445 0.405350 1.480762 -0.017901 0.584309 -0.080477 0.807333
1716990389.758846940 -15.495867 0.434511 1.480155 -0.028444 0.594695 -0.089186 0.798483
1716990389.825932940 -15.454549 0.344879 1.460077 -0.019037 0.596264 -0.063694 0.800031
1716990389.892934940 -15.383141 0.256416 1.445897 -0.006577 0.601277 -0.049141 0.797501
1716990389.959947940 -15.313540 0.231042 1.449136 -0.005772 0.605493 -0.048469 0.794352
1716990390.026858940 -15.296029 0.212778 1.456719 -0.008128 0.595904 -0.043222 0.801850
1716990390.093744940 -15.319801 0.252912 1.485327 -0.017540 0.588192 -0.042423 0.807418
1716990390.160820940 -15.292142 0.184101 1.417167 -0.006985 0.586556 -0.033145 0.809200
1716990390.227608940 -15.241088 0.192746 1.420885 -0.009082 0.567427 -0.039702 0.822416
1716990390.294794940 -15.118032 0.210308 1.473563 -0.013257 0.570935 -0.045686 0.819616
1716990390.361735940 -15.063381 0.212067 1.466766 -0.022573 0.565949 -0.036981 0.823301
1716990390.428733940 -14.981230 0.282946 1.474553 -0.044470 0.570128 -0.041163 0.819318
1716990390.495771940 -14.950350 0.303423 1.449404 -0.059693 0.569864 -0.038485 0.818664
1716990390.562725940 -14.860569 0.351456 1.446550 -0.076041 0.582353 -0.039499 0.808408
1716990390.629695940 -14.782069 0.337899 1.444489 -0.085660 0.590897 -0.027417 0.801718
1716990390.696754940 -14.731393 0.359343 1.433358 -0.091552 0.595119 -0.028304 0.797904
1716990390.763574940 -14.671238 0.378131 1.428372 -0.091930 0.598433 -0.035456 0.795091
1716990390.830597940 -14.631863 0.419260 1.420430 -0.089732 0.597294 -0.045916 0.795663
1716990390.897473940 -14.555520 0.402144 1.409603 -0.079041 0.600901 -0.052951 0.793641
1716990390.964639940 -14.509713 0.442690 1.416108 -0.070799 0.586013 -0.065965 0.804503
1716990391.031563940 -14.359265 0.251906 1.373559 -0.038655 0.601112 -0.043730 0.797030
1716990391.098615940 -14.343182 0.375208 1.423023 -0.044196 0.598417 -0.090215 0.794861
1716990391.165600940 -14.356683 0.260013 1.388806 -0.015095 0.585520 -0.059153 0.808356
1716990391.232664940 -14.349954 0.239825 1.379193 -0.013345 0.582917 -0.064181 0.809883
1716990391.299633940 -14.281231 0.250529 1.388272 -0.010704 0.594599 -0.065730 0.801260
1716990391.366625940 -14.284910 0.260974 1.390609 -0.013583 0.581833 -0.066208 0.810495
1716990391.433436940 -14.165799 0.185738 1.396518 -0.006295 0.603236 -0.050429 0.795942
1716990391.500487940 -14.137707 0.175506 1.401899 -0.008891 0.602835 -0.042828 0.796666
1716990391.567355940 -14.106060 0.167431 1.409372 -0.016297 0.603550 -0.031826 0.796523
1716990391.634494940 -14.072177 0.146281 1.414608 -0.021011 0.599820 -0.016074 0.799698
1716990391.701526940 -13.980496 0.167527 1.428676 -0.027168 0.601372 -0.012385 0.798411
1716990391.768445940 -14.001200 0.164365 1.415667 -0.029954 0.566423 0.008252 0.823529
1716990391.835496940 -14.004543 0.177380 1.410204 -0.045198 0.549761 0.012227 0.834009
1716990391.902594940 -13.958982 0.196067 1.417089 -0.054272 0.546168 0.020631 0.835661
1716990391.969417940 -13.915203 0.217439 1.424084 -0.065577 0.543873 0.020389 0.836353
1716990392.036458940 -13.827590 0.254307 1.429793 -0.068986 0.563099 0.021796 0.823216
1716990392.103418940 -13.782725 0.244580 1.421018 -0.070796 0.568814 0.033439 0.818731
1716990392.170379940 -13.683797 0.243784 1.424318 -0.070303 0.581409 0.041682 0.809496
