1713668102.756168159 -0.733024 1.063741 0.589495 0.791028 -0.610970 -0.031291 -0.003245
1713668102.822766159 -0.745151 1.058327 0.586173 0.791972 -0.609648 -0.033063 -0.003886
1713668102.889376159 -0.754696 1.052133 0.587102 0.790504 -0.611482 -0.034010 -0.006015
1713668102.956248159 -0.762426 1.045844 0.589719 0.789233 -0.612864 -0.038203 -0.007043
1713668103.022804159 -0.775004 1.038001 0.595578 0.791324 -0.610011 -0.040598 -0.006644
1713668103.089431159 -0.776534 1.039766 0.595412 0.792362 -0.608575 -0.041941 -0.006329
1713668103.156280159 -0.778619 1.040174 0.595396 0.792209 -0.608853 -0.040901 -0.005480
1713668103.222752159 -0.779696 1.040257 0.595324 0.790858 -0.610590 -0.041133 -0.005608
1713668103.289442159 -0.783673 1.038857 0.596694 0.791749 -0.609317 -0.042637 -0.006969
1713668103.356147159 -0.779984 1.040416 0.594898 0.791443 -0.609756 -0.041886 -0.007846
1713668103.422877159 -0.779717 1.040068 0.595025 0.791175 -0.610089 -0.041943 -0.008608
1713668103.489493159 -0.779003 1.039900 0.594493 0.791299 -0.610032 -0.040330 -0.009007
1713668103.556175159 -0.780259 1.038613 0.593067 0.791080 -0.610291 -0.040569 -0.009565
1713668103.622773159 -0.775018 1.040819 0.592027 0.789189 -0.612760 -0.040224 -0.009410
1713668103.689570159 -0.775761 1.040374 0.593684 0.789676 -0.612044 -0.041846 -0.007975
1713668103.756136159 -0.778327 1.040840 0.591151 0.789430 -0.612365 -0.041892 -0.007385
1713668103.822834159 -0.782773 1.040315 0.589352 0.788666 -0.613339 -0.041784 -0.008674
1713668103.889682159 -0.780604 1.041773 0.588899 0.786480 -0.616094 -0.042131 -0.010150
1713668103.956058159 -0.783047 1.041372 0.590558 0.786445 -0.615988 -0.044113 -0.010774
1713668104.022831159 -0.786677 1.041992 0.589485 0.786106 -0.616281 -0.045976 -0.011013
1713668104.089697159 -0.791705 1.040762 0.590440 0.785912 -0.616430 -0.047244 -0.011157
1713668104.156211159 -0.789522 1.042947 0.589945 0.785803 -0.616416 -0.049051 -0.011787
1713668104.222935159 -0.790746 1.043706 0.589739 0.785388 -0.616882 -0.049596 -0.012764
1713668104.289513159 -0.792444 1.044427 0.589714 0.784924 -0.617399 -0.050413 -0.013135
1713668104.356196159 -0.796459 1.043370 0.592180 0.786111 -0.615775 -0.051484 -0.014121
1713668104.422955159 -0.793310 1.045740 0.589157 0.784678 -0.617286 -0.054196 -0.017366
1713668104.489522159 -0.792022 1.045980 0.587557 0.782090 -0.620214 -0.057183 -0.019976
1713668104.556099159 -0.796899 1.043383 0.595913 0.783387 -0.618448 -0.058442 -0.020266
1713668104.623017159 -0.798868 1.042271 0.596443 0.788127 -0.613128 -0.051852 -0.015567
1713668104.689505159 -0.795981 1.038216 0.583357 0.788203 -0.613729 -0.042421 -0.016523
1713668104.756200159 -0.787694 1.038815 0.584374 0.783952 -0.619318 -0.038860 -0.018818
1713668104.823088159 -0.787081 1.039695 0.591925 0.787780 -0.614598 -0.036544 -0.018345
1713668104.889508159 -0.791280 1.040533 0.593984 0.791502 -0.610069 -0.033527 -0.014725
1713668104.956305159 -0.787508 1.041865 0.591838 0.791283 -0.610353 -0.033702 -0.014263
1713668105.022949159 -0.786689 1.041751 0.591072 0.791847 -0.609576 -0.034149 -0.015183
1713668105.089597159 -0.784427 1.041855 0.590296 0.793230 -0.607803 -0.033750 -0.014952
1713668105.156311159 -0.787000 1.040452 0.589767 0.795039 -0.605372 -0.034880 -0.014877
1713668105.222853159 -0.783497 1.041987 0.589186 0.795415 -0.604964 -0.033778 -0.013880
1713668105.289579159 -0.783297 1.042365 0.589134 0.797334 -0.602467 -0.032985 -0.014294
1713668105.356279159 -0.782743 1.042687 0.588770 0.798641 -0.600729 -0.032880 -0.014713
1713668105.422918159 -0.786522 1.041336 0.589343 0.799634 -0.599331 -0.033948 -0.015336
1713668105.489552159 -0.783805 1.043924 0.587947 0.800191 -0.598535 -0.034739 -0.015622
1713668105.556429159 -0.783060 1.045085 0.587254 0.799663 -0.599242 -0.034921 -0.015112
1713668105.622968159 -0.782791 1.046175 0.587568 0.800447 -0.598156 -0.035456 -0.015378
1713668105.689572159 -0.785606 1.046057 0.587993 0.801575 -0.596612 -0.035641 -0.016156
1713668105.756438159 -0.781691 1.047984 0.586759 0.801683 -0.596426 -0.035850 -0.017157
1713668105.822925159 -0.781613 1.048752 0.586059 0.802050 -0.595846 -0.037419 -0.016846
1713668105.889636159 -0.781514 1.049231 0.584977 0.802373 -0.595376 -0.037997 -0.016754
1713668105.956315159 -0.783568 1.048301 0.585185 0.802717 -0.594879 -0.038237 -0.017367
1713668106.022982159 -0.780113 1.050634 0.584218 0.802926 -0.594522 -0.038941 -0.018325
1713668106.089678159 -0.779850 1.051098 0.583204 0.802676 -0.594787 -0.039838 -0.018751
1713668106.156235159 -0.781100 1.051961 0.583111 0.802473 -0.594998 -0.040670 -0.018978
1713668106.222938159 -0.784263 1.050946 0.583631 0.803012 -0.594224 -0.041194 -0.019303
1713668106.289873159 -0.780771 1.052936 0.582676 0.802757 -0.594588 -0.040359 -0.020433
1713668106.356300159 -0.780051 1.053279 0.582880 0.802471 -0.595005 -0.039620 -0.020969
1713668106.422912159 -0.780081 1.053595 0.582830 0.803382 -0.593742 -0.039341 -0.022372
1713668106.489848159 -0.785512 1.052668 0.583261 0.803266 -0.593872 -0.040342 -0.021265
1713668106.556329159 -0.782532 1.054412 0.582012 0.802735 -0.594624 -0.039923 -0.021084
1713668106.623051159 -0.782019 1.054461 0.581855 0.802038 -0.595502 -0.039846 -0.022919
1713668106.689644159 -0.781072 1.054599 0.581908 0.802151 -0.595351 -0.039613 -0.023278
1713668106.756276159 -0.784126 1.053141 0.582980 0.803196 -0.593915 -0.040251 -0.022831
1713668106.823105159 -0.781573 1.055071 0.579594 0.803302 -0.593744 -0.040394 -0.023283
1713668106.889709159 -0.780488 1.054628 0.580531 0.802204 -0.595305 -0.039465 -0.022877
1713668106.956299159 -0.780508 1.054688 0.580538 0.803120 -0.594019 -0.039935 -0.023333
1713668107.023033159 -0.784135 1.053241 0.580790 0.803821 -0.593040 -0.040772 -0.022647
1713668107.089693159 -0.781250 1.055075 0.579824 0.803482 -0.593503 -0.040964 -0.022183
1713668107.156293159 -0.781246 1.055499 0.579906 0.803394 -0.593662 -0.039948 -0.022985
1713668107.223163159 -0.781428 1.055965 0.579914 0.803969 -0.592870 -0.039632 -0.023852
1713668107.289685159 -0.784421 1.054686 0.581786 0.804934 -0.591561 -0.039736 -0.023611
1713668107.356311159 -0.782482 1.056669 0.581491 0.805014 -0.591510 -0.038905 -0.023559
1713668107.423145159 -0.783153 1.057174 0.581848 0.804933 -0.591654 -0.038128 -0.023995
1713668107.489634159 -0.783883 1.057486 0.583058 0.805782 -0.590438 -0.038573 -0.024726
1713668107.556492159 -0.788551 1.056767 0.583490 0.806318 -0.589682 -0.039218 -0.024247
1713668107.623067159 -0.784675 1.058046 0.582304 0.806441 -0.589557 -0.039010 -0.023533
1713668107.689629159 -0.783126 1.057981 0.581966 0.806760 -0.589182 -0.038206 -0.023294
1713668107.756419159 -0.782945 1.058105 0.581256 0.806982 -0.588845 -0.038073 -0.024346
1713668107.823083159 -0.785794 1.056513 0.581614 0.807399 -0.588168 -0.039068 -0.025283
1713668107.889745159 -0.783224 1.058471 0.581006 0.807667 -0.587828 -0.038940 -0.024822
1713668107.956619159 -0.783635 1.058751 0.580947 0.807891 -0.587540 -0.039282 -0.023800
1713668108.023055159 -0.783331 1.059094 0.580412 0.807727 -0.587751 -0.038519 -0.025340
1713668108.089613159 -0.785780 1.057846 0.581783 0.808358 -0.586886 -0.038616 -0.025106
1713668108.156632159 -0.782133 1.059302 0.580699 0.808346 -0.586906 -0.039354 -0.023840
1713668108.223019159 -0.783041 1.059036 0.580079 0.808845 -0.586221 -0.040105 -0.022502
1713668108.289802159 -0.782881 1.058939 0.579660 0.808129 -0.587232 -0.039444 -0.023013
1713668108.356395159 -0.785548 1.057547 0.580444 0.808682 -0.586400 -0.039980 -0.023900
1713668108.423144159 -0.782529 1.059708 0.580051 0.809034 -0.585881 -0.039906 -0.024786
1713668108.489746159 -0.783688 1.060273 0.580285 0.809137 -0.585693 -0.040388 -0.025116
1713668108.556474159 -0.785197 1.060896 0.579860 0.809318 -0.585454 -0.040219 -0.025097
1713668108.623105159 -0.788821 1.059935 0.581526 0.809599 -0.585131 -0.038822 -0.025764
1713668108.689843159 -0.785540 1.062047 0.581102 0.809375 -0.585463 -0.037501 -0.027195
1713668108.756390159 -0.785737 1.062564 0.581365 0.809410 -0.585387 -0.037150 -0.028234
1713668108.823014159 -0.786133 1.063114 0.581569 0.809944 -0.584595 -0.037743 -0.028529
1713668108.889956159 -0.789977 1.062162 0.582318 0.810024 -0.584510 -0.038057 -0.027580
1713668108.956495159 -0.786069 1.063545 0.581169 0.809701 -0.584956 -0.038183 -0.027438
1713668109.023055159 -0.785584 1.063529 0.580720 0.810303 -0.584181 -0.037559 -0.027045
1713668109.089883159 -0.784827 1.063395 0.580380 0.810076 -0.584602 -0.036357 -0.026369
1713668109.156469159 -0.787643 1.061918 0.580769 0.810720 -0.583613 -0.037083 -0.027460
1713668109.223195159 -0.782651 1.063496 0.579286 0.810134 -0.584468 -0.036179 -0.027780
1713668109.289834159 -0.780984 1.063458 0.578778 0.809588 -0.585273 -0.035327 -0.027836
1713668109.356421159 -0.779600 1.063663 0.578084 0.809343 -0.585555 -0.035973 -0.028206
1713668109.423173159 -0.781530 1.062269 0.578104 0.810131 -0.584494 -0.036069 -0.027455
1713668109.489838159 -0.778071 1.063944 0.577492 0.809505 -0.585462 -0.035135 -0.026484
1713668109.556430159 -0.779523 1.063873 0.578364 0.809907 -0.584959 -0.035398 -0.024927
1713668109.623304159 -0.780876 1.064118 0.578380 0.810565 -0.584027 -0.035516 -0.025211
1713668109.689837159 -0.785153 1.062783 0.579548 0.811385 -0.582889 -0.034980 -0.025920
1713668109.756493159 -0.781594 1.064527 0.578698 0.811244 -0.583122 -0.034182 -0.026147
1713668109.823283159 -0.781648 1.064844 0.578243 0.811315 -0.583000 -0.034927 -0.025660
1713668109.889811159 -0.781665 1.065091 0.578119 0.811330 -0.582989 -0.034868 -0.025540
1713668109.956595159 -0.784702 1.063824 0.579352 0.812033 -0.581978 -0.034685 -0.026487
1713668110.023226159 -0.781304 1.065290 0.578358 0.811084 -0.583345 -0.033670 -0.026770
1713668110.089845159 -0.781419 1.065370 0.578225 0.810959 -0.583506 -0.033517 -0.027247
1713668110.156596159 -0.781211 1.065134 0.579300 0.810945 -0.583503 -0.033562 -0.027665
1713668110.223207159 -0.785317 1.063769 0.580119 0.812220 -0.581732 -0.033468 -0.027684
1713668110.289810159 -0.780291 1.065442 0.579226 0.812153 -0.581955 -0.031697 -0.027060
1713668110.356658159 -0.778824 1.065784 0.578908 0.812784 -0.581129 -0.030217 -0.027541
1713668110.423189159 -0.777800 1.065868 0.578750 0.813270 -0.580435 -0.029949 -0.028089
1713668110.489809159 -0.780171 1.064559 0.579354 0.814567 -0.578560 -0.030500 -0.028624
1713668110.556696159 -0.776858 1.066456 0.578833 0.814666 -0.578487 -0.028842 -0.028994
1713668110.623164159 -0.777401 1.066740 0.579041 0.815718 -0.577051 -0.027676 -0.029155
1713668110.689813159 -0.777840 1.066972 0.579204 0.816260 -0.576252 -0.028041 -0.029448
1713668110.756699159 -0.781345 1.065847 0.580065 0.817294 -0.574712 -0.028519 -0.030389
1713668110.823176159 -0.777991 1.067511 0.579144 0.817426 -0.574525 -0.028317 -0.030562
1713668110.889941159 -0.778022 1.067666 0.578993 0.817292 -0.574755 -0.028064 -0.030058
1713668110.956543159 -0.778107 1.067873 0.579031 0.817708 -0.574163 -0.028043 -0.030059
1713668111.023185159 -0.781486 1.066621 0.579841 0.818486 -0.573054 -0.027084 -0.030920
1713668111.089912159 -0.778091 1.068296 0.579225 0.818283 -0.573343 -0.025861 -0.031975
1713668111.156564159 -0.778137 1.068448 0.579366 0.818125 -0.573524 -0.026057 -0.032603
1713668111.223196159 -0.778355 1.068711 0.579391 0.818564 -0.572856 -0.026309 -0.033116
1713668111.290067159 -0.781770 1.067422 0.580164 0.819126 -0.572143 -0.025743 -0.031985
1713668111.356588159 -0.777917 1.068858 0.580286 0.818768 -0.572722 -0.024262 -0.031941
1713668111.423187159 -0.777266 1.069048 0.580239 0.818428 -0.573229 -0.023016 -0.032462
1713668111.490079159 -0.777393 1.069114 0.580374 0.818670 -0.572881 -0.023034 -0.032499
1713668111.556571159 -0.781001 1.067746 0.581009 0.819311 -0.571953 -0.023578 -0.032305
1713668111.623301159 -0.777764 1.069188 0.580212 0.818477 -0.573174 -0.022522 -0.032557
1713668111.689986159 -0.778125 1.069152 0.580683 0.818823 -0.572637 -0.022598 -0.033231
1713668111.756541159 -0.778525 1.069209 0.580557 0.819444 -0.571761 -0.023395 -0.032463
1713668111.823356159 -0.782700 1.067800 0.580988 0.820202 -0.570694 -0.023681 -0.031882
1713668111.889988159 -0.777949 1.068998 0.579931 0.819532 -0.571740 -0.022512 -0.031208
1713668111.956575159 -0.776758 1.068807 0.579692 0.820054 -0.570988 -0.021795 -0.031775
1713668112.023457159 -0.775904 1.068562 0.579046 0.820178 -0.570835 -0.021815 -0.031303
1713668112.089958159 -0.778345 1.066810 0.579501 0.821068 -0.569514 -0.022803 -0.031321
1713668112.156583159 -0.775911 1.068775 0.578875 0.820665 -0.570170 -0.022019 -0.030517
1713668112.223477159 -0.776029 1.069330 0.579356 0.820853 -0.569911 -0.021023 -0.030973
1713668112.289970159 -0.775631 1.069875 0.579764 0.821892 -0.568377 -0.020602 -0.031881
1713668112.356584159 -0.779736 1.068915 0.580523 0.822471 -0.567572 -0.020512 -0.031356
1713668112.423465159 -0.777033 1.070369 0.578814 0.821656 -0.568769 -0.020262 -0.031182
1713668112.489919159 -0.777363 1.070277 0.579165 0.821949 -0.568288 -0.021078 -0.031700
1713668112.556710159 -0.777840 1.070338 0.579130 0.822527 -0.567406 -0.021427 -0.032266
1713668112.623327159 -0.781583 1.068896 0.579844 0.823299 -0.566327 -0.021954 -0.031148
1713668112.689959159 -0.777353 1.070404 0.578330 0.822977 -0.566857 -0.021266 -0.030502
1713668112.756707159 -0.776307 1.070474 0.577975 0.823186 -0.566577 -0.020430 -0.030631
1713668112.823300159 -0.775310 1.070604 0.577520 0.823205 -0.566545 -0.020172 -0.030888
1713668112.889961159 -0.778395 1.069335 0.577931 0.823831 -0.565597 -0.020925 -0.031073
1713668112.956834159 -0.775303 1.071069 0.576909 0.823278 -0.566450 -0.020219 -0.030640
1713668113.023374159 -0.774991 1.071237 0.577216 0.822572 -0.567508 -0.018948 -0.030846
1713668113.089905159 -0.774945 1.071423 0.577573 0.822664 -0.567347 -0.018761 -0.031459
1713668113.156826159 -0.778430 1.070221 0.578418 0.823646 -0.565932 -0.018534 -0.031385
1713668113.223349159 -0.776836 1.072059 0.577243 0.822775 -0.567219 -0.018377 -0.031087
1713668113.290124159 -0.777426 1.072198 0.578273 0.822396 -0.567724 -0.018167 -0.031992
1713668113.356712159 -0.778358 1.072668 0.578431 0.823152 -0.566618 -0.018075 -0.032233
1713668113.423368159 -0.782092 1.071486 0.579467 0.823629 -0.565977 -0.017673 -0.031525
1713668113.490121159 -0.778075 1.072627 0.578335 0.823101 -0.566775 -0.016477 -0.031606
1713668113.556748159 -0.777198 1.072230 0.578511 0.823289 -0.566499 -0.016425 -0.031696
1713668113.623305159 -0.776665 1.071908 0.577860 0.823436 -0.566310 -0.016288 -0.031305
1713668113.690245159 -0.779143 1.069993 0.578654 0.823547 -0.566196 -0.015989 -0.030625
1713668113.756752159 -0.776068 1.071425 0.577776 0.823134 -0.566860 -0.015950 -0.029410
1713668113.823384159 -0.776419 1.071354 0.577733 0.823084 -0.566928 -0.016245 -0.029340
1713668113.890184159 -0.775908 1.071245 0.578307 0.822707 -0.567446 -0.015532 -0.030278
1713668113.956753159 -0.779466 1.069807 0.579256 0.823529 -0.566224 -0.015091 -0.031033
1713668114.023497159 -0.776290 1.071478 0.578365 0.822783 -0.567349 -0.014827 -0.030401
1713668114.090127159 -0.776139 1.071586 0.578334 0.823209 -0.566718 -0.015347 -0.030364
1713668114.156694159 -0.775519 1.071697 0.578417 0.823046 -0.566968 -0.014347 -0.030610
1713668114.223510159 -0.778727 1.070344 0.579322 0.823705 -0.565968 -0.014007 -0.031511
1713668114.290129159 -0.774606 1.071989 0.578106 0.823406 -0.566421 -0.013897 -0.031256
1713668114.356760159 -0.773864 1.072174 0.577769 0.823284 -0.566648 -0.012810 -0.030820
1713668114.423439159 -0.773402 1.072464 0.577429 0.823154 -0.566829 -0.013035 -0.030867
1713668114.490075159 -0.776074 1.071197 0.577883 0.823650 -0.566098 -0.013347 -0.030905
1713668114.556751159 -0.772177 1.072520 0.576468 0.822873 -0.567269 -0.013236 -0.030178
1713668114.623563159 -0.771419 1.072340 0.576424 0.822829 -0.567290 -0.013098 -0.031011
1713668114.690115159 -0.771291 1.072197 0.576059 0.823254 -0.566676 -0.013339 -0.030875
1713668114.756748159 -0.774140 1.070647 0.576015 0.823284 -0.566645 -0.012703 -0.030917
1713668114.823611159 -0.771407 1.072246 0.576956 0.822943 -0.567146 -0.011007 -0.031444
1713668114.890099159 -0.772389 1.072584 0.577620 0.823564 -0.566277 -0.009957 -0.031204
1713668114.956892159 -0.774476 1.073070 0.577802 0.823653 -0.566168 -0.010538 -0.030626
1713668115.023511159 -0.779398 1.071936 0.579140 0.824406 -0.565049 -0.011471 -0.030701
1713668115.090100159 -0.775584 1.073273 0.578027 0.824153 -0.565414 -0.010787 -0.031007
1713668115.156855159 -0.775146 1.073130 0.577632 0.824126 -0.565492 -0.009703 -0.030695
1713668115.223486159 -0.775004 1.073064 0.576900 0.824451 -0.565032 -0.009673 -0.030431
1713668115.290147159 -0.777853 1.071310 0.577412 0.824466 -0.564987 -0.010621 -0.030535
1713668115.357061159 -0.774068 1.073107 0.577004 0.823908 -0.565794 -0.009446 -0.031045
1713668115.423494159 -0.773302 1.073513 0.576709 0.824316 -0.565184 -0.008598 -0.031543
1713668115.490110159 -0.772809 1.073782 0.576881 0.824077 -0.565530 -0.008469 -0.031628
1713668115.557038159 -0.776277 1.072666 0.577436 0.824548 -0.564846 -0.009203 -0.031367
1713668115.623446159 -0.773114 1.074082 0.576304 0.823995 -0.565719 -0.008778 -0.030275
1713668115.690293159 -0.773103 1.074018 0.576045 0.823542 -0.566397 -0.008038 -0.030137
1713668115.756839159 -0.772886 1.073772 0.577020 0.823656 -0.566194 -0.007911 -0.030858
1713668115.823525159 -0.776455 1.072377 0.577077 0.824115 -0.565486 -0.008606 -0.031406
1713668115.890295159 -0.773117 1.073630 0.575964 0.823663 -0.566148 -0.008479 -0.031354
1713668115.956885159 -0.772951 1.073368 0.575598 0.823737 -0.566067 -0.008303 -0.030933
1713668116.023458159 -0.772830 1.073173 0.575099 0.823414 -0.566560 -0.007913 -0.030604
1713668116.090301159 -0.775919 1.071313 0.576761 0.824315 -0.565247 -0.008832 -0.030369
1713668116.156960159 -0.773344 1.073231 0.574893 0.824211 -0.565454 -0.008289 -0.029481
1713668116.223548159 -0.772829 1.073257 0.575324 0.823597 -0.566326 -0.007251 -0.030175
1713668116.290368159 -0.772614 1.073612 0.575484 0.824324 -0.565230 -0.006969 -0.030936
1713668116.356899159 -0.776325 1.072461 0.575539 0.824796 -0.564581 -0.007418 -0.030085
1713668116.423577159 -0.773294 1.073671 0.574470 0.824167 -0.565534 -0.007493 -0.029377
1713668116.490362159 -0.773977 1.073685 0.573494 0.824325 -0.565268 -0.008188 -0.029887
1713668116.556869159 -0.773802 1.073220 0.574980 0.824641 -0.564796 -0.008464 -0.030023
1713668116.623723159 -0.778358 1.071998 0.574771 0.826096 -0.562673 -0.008775 -0.029791
1713668116.690242159 -0.774640 1.074120 0.573745 0.825607 -0.563450 -0.007973 -0.028856
1713668116.756908159 -0.773690 1.074993 0.573718 0.826120 -0.562665 -0.007575 -0.029595
1713668116.823564159 -0.773069 1.075707 0.573515 0.826583 -0.561989 -0.007343 -0.029567
1713668116.890316159 -0.776084 1.074923 0.574287 0.827037 -0.561306 -0.008009 -0.029679
1713668116.957010159 -0.773916 1.076509 0.573150 0.827181 -0.561091 -0.007616 -0.029847
1713668117.023738159 -0.774113 1.076542 0.573530 0.826585 -0.561950 -0.006703 -0.030402
1713668117.090173159 -0.775613 1.076938 0.573991 0.827163 -0.561080 -0.006323 -0.030833
1713668117.156933159 -0.780017 1.075500 0.574621 0.827772 -0.560179 -0.007218 -0.030676
1713668117.223683159 -0.775917 1.077100 0.574119 0.827158 -0.561067 -0.006803 -0.031110
1713668117.290287159 -0.775406 1.077257 0.574065 0.827805 -0.560113 -0.005458 -0.031329
1713668117.357120159 -0.775377 1.077336 0.573827 0.828193 -0.559552 -0.004848 -0.031205
1713668117.423649159 -0.778830 1.075811 0.574837 0.828482 -0.559130 -0.005800 -0.030952
1713668117.490314159 -0.776360 1.077210 0.573927 0.828310 -0.559382 -0.005227 -0.031104
1713668117.557043159 -0.776205 1.077223 0.573860 0.827974 -0.559872 -0.003655 -0.031448
1713668117.623658159 -0.775901 1.077102 0.573668 0.828044 -0.559741 -0.002887 -0.032012
1713668117.690356159 -0.778884 1.075423 0.574437 0.828187 -0.559573 -0.003687 -0.031168
1713668117.757043159 -0.775341 1.076804 0.573191 0.827641 -0.560375 -0.002748 -0.031337
1713668117.823707159 -0.774957 1.076584 0.573456 0.827732 -0.560251 -0.001956 -0.031209
1713668117.890265159 -0.775301 1.076413 0.572856 0.827475 -0.560690 -0.002497 -0.030107
1713668117.957158159 -0.778245 1.074607 0.574011 0.827790 -0.560260 -0.003628 -0.029304
1713668118.023724159 -0.774769 1.075872 0.572510 0.827164 -0.561209 -0.002668 -0.028925
1713668118.090222159 -0.773870 1.075465 0.573655 0.827077 -0.561373 -0.001805 -0.028319
1713668118.157194159 -0.773575 1.075335 0.573347 0.826886 -0.561699 -0.001590 -0.027397
1713668118.223625159 -0.776863 1.073871 0.573230 0.827339 -0.561020 -0.002010 -0.027610
1713668118.290447159 -0.772809 1.075545 0.573975 0.826741 -0.561892 -0.001556 -0.027847
1713668118.357037159 -0.773688 1.076304 0.572557 0.827586 -0.560610 -0.001562 -0.028556
1713668118.423627159 -0.773945 1.076652 0.572634 0.826985 -0.561522 -0.001170 -0.028055
1713668118.490429159 -0.776874 1.075588 0.573961 0.828049 -0.559902 -0.001121 -0.029041
1713668118.556993159 -0.773926 1.077449 0.573549 0.827614 -0.560535 0.000015 -0.029265
1713668118.623654159 -0.774686 1.077866 0.573502 0.828274 -0.559547 -0.000829 -0.029463
1713668118.690588159 -0.775453 1.078113 0.573432 0.828383 -0.559399 -0.001346 -0.029200
1713668118.757119159 -0.779298 1.076776 0.574485 0.828256 -0.559554 -0.001380 -0.029829
1713668118.823699159 -0.775668 1.077862 0.574111 0.828147 -0.559708 -0.000811 -0.029973
1713668118.890491159 -0.776273 1.077660 0.572372 0.828350 -0.559445 -0.000762 -0.029273
1713668118.956997159 -0.775907 1.077157 0.572554 0.827558 -0.560638 0.000062 -0.028859
1713668119.023829159 -0.779239 1.075392 0.573226 0.828096 -0.559814 -0.000789 -0.029412
1713668119.090389159 -0.776537 1.077187 0.572301 0.827823 -0.560188 -0.000758 -0.029965
1713668119.157048159 -0.776608 1.077238 0.572367 0.826777 -0.561751 0.000297 -0.029582
1713668119.223760159 -0.776808 1.077532 0.572799 0.826968 -0.561429 0.000521 -0.030338
1713668119.290423159 -0.780430 1.076305 0.573646 0.827137 -0.561182 0.000359 -0.030314
1713668119.357090159 -0.776814 1.077709 0.572420 0.826642 -0.561917 0.001017 -0.030206
1713668119.423727159 -0.776673 1.077633 0.572308 0.826726 -0.561739 0.000954 -0.031188
1713668119.490376159 -0.776405 1.077513 0.571900 0.826771 -0.561656 0.000502 -0.031491
1713668119.557061159 -0.779418 1.075848 0.572356 0.826977 -0.561380 -0.000005 -0.031000
1713668119.623969159 -0.775805 1.077460 0.571275 0.826882 -0.561592 0.000832 -0.029675
1713668119.690468159 -0.775632 1.077570 0.571426 0.826641 -0.561984 0.001241 -0.028949
1713668119.757019159 -0.776215 1.077839 0.571218 0.827257 -0.561079 0.000628 -0.028900
1713668119.824006159 -0.779684 1.076413 0.572056 0.827309 -0.560977 0.000461 -0.029403
1713668119.890435159 -0.775926 1.077681 0.571003 0.826859 -0.561610 0.001477 -0.029922
1713668119.957220159 -0.775694 1.077569 0.570550 0.827298 -0.561013 0.001113 -0.029000
1713668120.023846159 -0.775529 1.077349 0.570155 0.827246 -0.561128 0.000764 -0.028247
1713668120.090474159 -0.778167 1.075725 0.570895 0.827905 -0.560134 0.000936 -0.028664
1713668120.157219159 -0.775063 1.077484 0.570457 0.828098 -0.559839 0.001805 -0.028837
1713668120.223782159 -0.775733 1.077871 0.569742 0.828614 -0.559058 0.001800 -0.029165
1713668120.290386159 -0.776091 1.078015 0.569820 0.828375 -0.559440 0.001182 -0.028649
1713668120.357351159 -0.779560 1.076761 0.571220 0.829124 -0.558301 0.001178 -0.029191
1713668120.423832159 -0.776015 1.078609 0.569603 0.829104 -0.558302 0.002176 -0.029670
1713668120.490398159 -0.775121 1.078633 0.569798 0.828406 -0.559381 0.002603 -0.028792
1713668120.557319159 -0.774909 1.078905 0.569235 0.828920 -0.558614 0.001765 -0.028964
1713668120.623896159 -0.777680 1.077494 0.569808 0.828601 -0.559088 0.001873 -0.028950
1713668120.690591159 -0.774436 1.079352 0.568673 0.828737 -0.558908 0.001448 -0.028538
1713668120.757211159 -0.774093 1.079596 0.568468 0.828435 -0.559364 0.001262 -0.028398
1713668120.823770159 -0.773842 1.079900 0.568292 0.828393 -0.559463 0.001595 -0.027620
1713668120.890606159 -0.776661 1.078727 0.569342 0.828942 -0.558612 0.001442 -0.028365
1713668120.957220159 -0.773661 1.080202 0.568259 0.828909 -0.558659 0.001356 -0.028452
1713668121.023733159 -0.774253 1.080263 0.568067 0.829126 -0.558345 0.001155 -0.028263
1713668121.090532159 -0.774621 1.079881 0.568591 0.829106 -0.558350 0.001794 -0.028733
1713668121.157198159 -0.777747 1.078557 0.569154 0.829115 -0.558311 0.002568 -0.029170
1713668121.223755159 -0.774794 1.079952 0.568881 0.829139 -0.558267 0.002220 -0.029364
1713668121.290714159 -0.774431 1.080121 0.568875 0.828718 -0.558952 0.002889 -0.028101
1713668121.357143159 -0.774430 1.080306 0.568857 0.828480 -0.559310 0.003928 -0.027901
1713668121.423864159 -0.777517 1.079415 0.568962 0.828375 -0.559415 0.004067 -0.028867
1713668121.490701159 -0.773819 1.080594 0.569261 0.828184 -0.559675 0.004021 -0.029298
1713668121.557200159 -0.774476 1.080497 0.569013 0.828066 -0.559836 0.003306 -0.029672
1713668121.623911159 -0.774597 1.080371 0.568882 0.827673 -0.560441 0.003609 -0.029167
1713668121.690573159 -0.777625 1.079102 0.569173 0.828243 -0.559588 0.004653 -0.029192
1713668121.757305159 -0.774890 1.080321 0.568985 0.827963 -0.560047 0.004877 -0.028310
1713668121.823877159 -0.775288 1.080452 0.568357 0.827794 -0.560281 0.004825 -0.028623
1713668121.890580159 -0.775328 1.080442 0.569042 0.827990 -0.559961 0.004692 -0.029222
1713668121.957280159 -0.778655 1.079382 0.569140 0.828377 -0.559359 0.004809 -0.029765
1713668122.024188159 -0.776016 1.080391 0.568708 0.828390 -0.559366 0.005079 -0.029224
1713668122.090527159 -0.776294 1.080098 0.568760 0.827729 -0.560365 0.005553 -0.028711
1713668122.157146159 -0.776769 1.079997 0.568830 0.828052 -0.559816 0.006074 -0.029967
1713668122.224043159 -0.780303 1.078616 0.568915 0.828141 -0.559652 0.006303 -0.030530
1713668122.290596159 -0.776776 1.079877 0.568441 0.827899 -0.560070 0.006093 -0.029477
1713668122.357347159 -0.775862 1.080008 0.568272 0.827455 -0.560736 0.006952 -0.029065
1713668122.423961159 -0.775065 1.080118 0.568032 0.827445 -0.560704 0.007571 -0.029797
1713668122.490507159 -0.777432 1.079048 0.567904 0.828004 -0.559906 0.006578 -0.029527
1713668122.557408159 -0.774758 1.080215 0.567257 0.827547 -0.560659 0.005711 -0.028181
1713668122.623941159 -0.774976 1.080252 0.567120 0.827969 -0.560008 0.005823 -0.028726
1713668122.690505159 -0.775118 1.080211 0.567125 0.828153 -0.559701 0.006392 -0.029280
1713668122.757306159 -0.778255 1.078975 0.567053 0.828484 -0.559194 0.006478 -0.029562
1713668122.823951159 -0.775260 1.079913 0.566689 0.827834 -0.560187 0.006498 -0.028978
1713668122.890549159 -0.775358 1.079793 0.566526 0.827982 -0.559999 0.006648 -0.028326
1713668122.957471159 -0.775446 1.079639 0.566389 0.828135 -0.559763 0.006213 -0.028627
1713668123.023953159 -0.778815 1.078285 0.566250 0.827987 -0.559938 0.006748 -0.029359
1713668123.090593159 -0.775518 1.079517 0.566052 0.827642 -0.560385 0.006874 -0.030503
1713668123.157465159 -0.774760 1.079554 0.566331 0.827018 -0.561341 0.007510 -0.029689
1713668123.223931159 -0.776341 1.078064 0.568706 0.827867 -0.560190 0.007001 -0.027828
1713668123.290760159 -0.773108 1.076898 0.571711 0.831443 -0.555141 0.007208 -0.021683
1713668123.357317159 -0.774203 1.075416 0.567265 0.833312 -0.552441 0.006246 -0.019028
1713668123.424039159 -0.781986 1.074174 0.564529 0.827385 -0.561184 0.006746 -0.021477
1713668123.490677159 -0.775869 1.069641 0.588248 0.825109 -0.564279 0.018463 -0.021052
1713668123.557283159 -0.770870 1.065854 0.596558 0.825439 -0.563225 0.032054 -0.020001
1713668123.623967159 -0.765699 1.060155 0.603887 0.822649 -0.566274 0.046209 -0.021144
1713668123.690889159 -0.753182 1.052871 0.608385 0.818638 -0.570960 0.056976 -0.024299
1713668123.757285159 -0.749940 1.048692 0.616440 0.812543 -0.579093 0.061885 -0.024397
1713668123.823998159 -0.732216 1.039761 0.622733 0.810160 -0.582525 0.062759 -0.019146
1713668123.890773159 -0.727233 1.041890 0.621882 0.799698 -0.597907 0.050282 -0.021492
1713668123.957411159 -0.732718 1.046312 0.631226 0.789032 -0.611754 0.048536 -0.028788
1713668124.024092159 -0.730218 1.046879 0.639157 0.781624 -0.621037 0.046376 -0.035033
1713668124.090710159 -0.734673 1.054525 0.647249 0.768439 -0.636674 0.049659 -0.041010
1713668124.157354159 -0.741627 1.058220 0.668556 0.765199 -0.640561 0.054825 -0.033847
1713668124.224111159 -0.740764 1.058469 0.677703 0.763286 -0.642544 0.062026 -0.026149
1713668124.290636159 -0.734775 1.053325 0.682019 0.755641 -0.651778 0.060432 -0.023216
1713668124.357400159 -0.726338 1.049580 0.695739 0.748006 -0.661089 0.052877 -0.025528
1713668124.424181159 -0.728398 1.053788 0.713556 0.739535 -0.671120 0.045583 -0.024634
1713668124.490694159 -0.727149 1.056062 0.725685 0.733416 -0.678122 0.040672 -0.024445
1713668124.557318159 -0.729148 1.059747 0.753036 0.732245 -0.679558 0.038225 -0.023603
1713668124.624299159 -0.725195 1.062984 0.758337 0.733263 -0.678160 0.043077 -0.023835
1713668124.690729159 -0.708762 1.062005 0.776312 0.738091 -0.673376 0.036131 -0.021944
1713668124.757407159 -0.710532 1.065956 0.768235 0.739789 -0.672245 0.024016 -0.014899
1713668124.824236159 -0.704071 1.066299 0.787949 0.738137 -0.674118 0.017437 -0.020372
1713668124.890729159 -0.703295 1.069656 0.797887 0.744300 -0.667564 0.008341 -0.017480
1713668124.957467159 -0.687259 1.062900 0.783488 0.742046 -0.669987 -0.004172 -0.021655
1713668125.024085159 -0.685762 1.063753 0.788329 0.744071 -0.667458 -0.019553 -0.021811
1713668125.090672159 -0.691123 1.068124 0.779879 0.741821 -0.669736 -0.028412 -0.018635
1713668125.157436159 -0.684504 1.064184 0.802711 0.746518 -0.664153 -0.037554 -0.014209
1713668125.224043159 -0.689363 1.070888 0.804680 0.754768 -0.654991 -0.035950 0.004377
1713668125.290703159 -0.687530 1.072084 0.808611 0.759850 -0.649343 -0.029380 0.010914
1713668125.357574159 -0.687772 1.073430 0.803387 0.760405 -0.648721 -0.026889 0.014914
1713668125.424048159 -0.685908 1.075282 0.818470 0.760141 -0.649186 -0.011130 0.024895
1713668125.490664159 -0.682189 1.073060 0.817897 0.764333 -0.644111 -0.001739 0.030223
1713668125.557601159 -0.681472 1.073376 0.817769 0.767146 -0.640396 -0.001151 0.037132
1713668125.624106159 -0.678772 1.071335 0.808154 0.768142 -0.638802 0.000181 0.043480
1713668125.690834159 -0.686494 1.072923 0.790706 0.762240 -0.646454 -0.006663 0.032298
1713668125.757506159 -0.686336 1.079172 0.788601 0.748086 -0.663050 -0.005374 0.026508
1713668125.824100159 -0.688071 1.082071 0.788657 0.737620 -0.674717 -0.010665 0.023652
1713668125.890784159 -0.681868 1.080015 0.810780 0.736636 -0.675501 -0.007825 0.031691
1713668125.957484159 -0.684772 1.081367 0.802406 0.735435 -0.676811 -0.005390 0.032129
1713668126.024160159 -0.683816 1.081632 0.803211 0.734071 -0.678328 -0.003900 0.031570
1713668126.090993159 -0.684455 1.082582 0.803759 0.732878 -0.679621 -0.004373 0.031388
1713668126.157425159 -0.684388 1.082880 0.803403 0.733262 -0.679147 -0.005640 0.032468
1713668126.224154159 -0.684477 1.082697 0.803798 0.732778 -0.679892 -0.006071 0.027309
1713668126.290982159 -0.681351 1.083824 0.801369 0.733200 -0.679446 -0.007013 0.026867
1713668126.357509159 -0.680242 1.084143 0.802209 0.734117 -0.678474 -0.008306 0.025992
1713668126.424046159 -0.682415 1.087769 0.803000 0.735234 -0.677307 -0.009491 0.024422
1713668126.491036159 -0.685238 1.087407 0.802968 0.735917 -0.676576 -0.007831 0.024702
1713668126.557486159 -0.683525 1.089555 0.801608 0.735603 -0.676911 -0.005904 0.025395
1713668126.624225159 -0.682680 1.090402 0.802544 0.735491 -0.677032 -0.006480 0.025271
1713668126.690847159 -0.683841 1.092696 0.802037 0.736298 -0.676198 -0.007020 0.023916
1713668126.757500159 -0.687298 1.094046 0.803662 0.737623 -0.674742 -0.007564 0.024041
1713668126.824305159 -0.683455 1.092698 0.801931 0.737615 -0.674704 -0.006062 0.025727
1713668126.890865159 -0.681128 1.090462 0.800979 0.738560 -0.673638 -0.006016 0.026548
1713668126.957454159 -0.680050 1.088967 0.800112 0.738919 -0.673246 -0.007001 0.026247
1713668127.024414159 -0.681326 1.086475 0.800689 0.739547 -0.672582 -0.007775 0.025364
1713668127.090865159 -0.677953 1.087114 0.798938 0.739694 -0.672426 -0.007819 0.025188
1713668127.157470159 -0.677698 1.087109 0.798059 0.740334 -0.671716 -0.008470 0.025128
1713668127.224305159 -0.677012 1.086965 0.797718 0.740202 -0.671853 -0.009052 0.025153
1713668127.290913159 -0.679055 1.086551 0.798794 0.740767 -0.671228 -0.009197 0.025151
1713668127.357671159 -0.675723 1.086399 0.796841 0.740378 -0.671652 -0.009368 0.025240
1713668127.424183159 -0.674974 1.085588 0.796894 0.740220 -0.671791 -0.010164 0.025866
1713668127.490854159 -0.674631 1.085051 0.796212 0.739994 -0.672018 -0.010837 0.026145
1713668127.557609159 -0.676574 1.083985 0.797008 0.740439 -0.671528 -0.010400 0.026290
1713668127.624211159 -0.673033 1.083834 0.795561 0.740725 -0.671175 -0.009690 0.027516
1713668127.690854159 -0.672080 1.083187 0.795410 0.741113 -0.670756 -0.009812 0.027241
1713668127.757714159 -0.671504 1.082814 0.795192 0.741050 -0.670841 -0.009716 0.026881
1713668127.824236159 -0.673105 1.081523 0.795607 0.741611 -0.670241 -0.009370 0.026520
1713668127.890794159 -0.670732 1.082471 0.794900 0.741605 -0.670205 -0.010621 0.027125
1713668127.957730159 -0.671050 1.083171 0.795058 0.741965 -0.669826 -0.010317 0.026744
1713668128.024219159 -0.671105 1.083646 0.795157 0.742257 -0.669505 -0.009985 0.026801
1713668128.090816159 -0.673244 1.082922 0.796170 0.742481 -0.669305 -0.009072 0.025894
1713668128.157747159 -0.672008 1.084468 0.794854 0.742072 -0.669783 -0.009271 0.025183
1713668128.224208159 -0.673234 1.085738 0.795001 0.742145 -0.669707 -0.009180 0.025080
1713668128.290943159 -0.674277 1.086922 0.795176 0.742410 -0.669391 -0.009006 0.025713
1713668128.357594159 -0.677783 1.087528 0.796644 0.743091 -0.668601 -0.008671 0.026722
1713668128.424268159 -0.675842 1.088608 0.794980 0.742991 -0.668635 -0.009464 0.028319
1713668128.490905159 -0.676465 1.089552 0.795449 0.743282 -0.668292 -0.009747 0.028680
1713668128.557661159 -0.677065 1.090175 0.794699 0.743649 -0.667855 -0.009368 0.029459
1713668128.624267159 -0.680184 1.090184 0.796211 0.744093 -0.667280 -0.009900 0.031058
1713668128.691204159 -0.677794 1.090776 0.794647 0.744383 -0.666897 -0.010410 0.032152
1713668128.757567159 -0.678276 1.091989 0.795094 0.746133 -0.664802 -0.010625 0.034793
1713668128.824257159 -0.680613 1.092588 0.789587 0.746099 -0.664913 -0.011097 0.033237
1713668128.891153159 -0.683354 1.093115 0.793640 0.744866 -0.666222 -0.012179 0.034267
1713668128.957622159 -0.682336 1.095424 0.795541 0.746251 -0.664591 -0.012949 0.035513
1713668129.024358159 -0.682436 1.092748 0.789270 0.746711 -0.664117 -0.013883 0.034326
1713668129.090979159 -0.684889 1.096136 0.792098 0.742021 -0.669289 -0.017931 0.033682
1713668129.157691159 -0.689400 1.098078 0.798325 0.743659 -0.667586 -0.014254 0.033117
1713668129.224449159 -0.686740 1.098141 0.797501 0.741688 -0.669879 -0.010035 0.032557
1713668129.291002159 -0.681731 1.095253 0.796947 0.738124 -0.673919 -0.006858 0.030975
1713668129.357591159 -0.680897 1.094621 0.797011 0.735559 -0.676727 -0.006254 0.030888
1713668129.424552159 -0.681825 1.093391 0.801735 0.734673 -0.677691 -0.006123 0.030868
1713668129.491085159 -0.679710 1.094413 0.801141 0.733892 -0.678553 -0.005944 0.030544
1713668129.557622159 -0.679532 1.094541 0.803911 0.733490 -0.678903 -0.006354 0.032303
1713668129.624491159 -0.679365 1.094828 0.806047 0.734352 -0.677864 -0.006013 0.034511
1713668129.690988159 -0.682684 1.094828 0.807808 0.735040 -0.677084 -0.005754 0.035212
1713668129.757637159 -0.680449 1.096975 0.807527 0.737026 -0.674908 -0.002110 0.035875
1713668129.824517159 -0.679684 1.097634 0.806448 0.736478 -0.675493 0.000531 0.036187
1713668129.890999159 -0.681249 1.098135 0.808335 0.736865 -0.675118 0.002866 0.035177
1713668129.957735159 -0.678588 1.100049 0.809007 0.738356 -0.673602 0.002250 0.032957
1713668130.024392159 -0.679814 1.101681 0.808954 0.737262 -0.674794 0.002697 0.033042
1713668130.091078159 -0.678594 1.102646 0.808417 0.737643 -0.674397 0.005302 0.032295
1713668130.157742159 -0.677154 1.103682 0.808121 0.737040 -0.675099 0.003639 0.031630
1713668130.224488159 -0.682132 1.105853 0.805763 0.735754 -0.676568 0.001629 0.030333
1713668130.291012159 -0.677732 1.105059 0.803694 0.732092 -0.680603 -0.000903 0.028631
1713668130.357906159 -0.676610 1.105469 0.805194 0.730109 -0.682768 -0.002890 0.027587
1713668130.424338159 -0.674782 1.104011 0.804454 0.729320 -0.683663 -0.004007 0.026088
1713668130.490962159 -0.676277 1.102371 0.800117 0.726631 -0.686563 -0.005212 0.024745
1713668130.557974159 -0.673559 1.103569 0.802146 0.724130 -0.689205 -0.007023 0.024164
1713668130.624418159 -0.674492 1.105081 0.802030 0.722101 -0.691395 -0.010613 0.020757
1713668130.691159159 -0.676471 1.108544 0.803896 0.722566 -0.690924 -0.010703 0.020222
1713668130.757782159 -0.679525 1.108740 0.805361 0.723056 -0.690426 -0.009291 0.020396
1713668130.824439159 -0.674933 1.107422 0.802457 0.723051 -0.690423 -0.007854 0.021227
1713668130.891119159 -0.675350 1.107816 0.803279 0.723760 -0.689700 -0.007490 0.020709
1713668130.957744159 -0.674929 1.107748 0.803407 0.723493 -0.689960 -0.006392 0.021733
1713668131.024472159 -0.677608 1.107549 0.804838 0.724453 -0.688952 -0.006046 0.021836
1713668131.091308159 -0.674568 1.107686 0.803569 0.724075 -0.689345 -0.007412 0.021527
1713668131.157755159 -0.673734 1.106743 0.803139 0.724222 -0.689229 -0.007746 0.020161
1713668131.224441159 -0.673017 1.105772 0.802748 0.723654 -0.689821 -0.007236 0.020461
1713668131.291303159 -0.674831 1.104245 0.803529 0.723576 -0.689927 -0.007245 0.019638
1713668131.357762159 -0.672981 1.105802 0.802498 0.723847 -0.689641 -0.007988 0.019413
1713668131.424470159 -0.674077 1.107170 0.803055 0.723685 -0.689820 -0.007484 0.019288
1713668131.491180159 -0.674880 1.108251 0.803359 0.724075 -0.689419 -0.007114 0.019114
1713668131.557791159 -0.678227 1.108796 0.804695 0.724589 -0.688895 -0.006177 0.018882
1713668131.624512159 -0.675303 1.109071 0.803424 0.724370 -0.689105 -0.005578 0.019753
1713668131.691129159 -0.674960 1.108892 0.803211 0.724780 -0.688663 -0.005630 0.020161
1713668131.757765159 -0.674185 1.108136 0.802839 0.724696 -0.688743 -0.004977 0.020601
1713668131.824495159 -0.676427 1.107356 0.803941 0.725208 -0.688217 -0.004878 0.020179
1713668131.891163159 -0.676654 1.110516 0.803592 0.725209 -0.688203 -0.005007 0.020581
1713668131.957738159 -0.679305 1.112965 0.804460 0.725360 -0.688048 -0.004955 0.020435
1713668132.024590159 -0.681980 1.115541 0.805056 0.725936 -0.687454 -0.004894 0.020015
1713668132.091161159 -0.687279 1.117456 0.807173 0.726368 -0.687026 -0.004168 0.019168
1713668132.157767159 -0.683491 1.117001 0.805518 0.725822 -0.687590 -0.004274 0.019611
1713668132.224677159 -0.682280 1.116067 0.805023 0.726097 -0.687283 -0.004187 0.020197
1713668132.291048159 -0.680997 1.114998 0.804973 0.725959 -0.687417 -0.004329 0.020556
1713668132.357929159 -0.682355 1.113303 0.805161 0.726124 -0.687250 -0.003672 0.020456
1713668132.424582159 -0.678814 1.112669 0.803579 0.725737 -0.687657 -0.003387 0.020546
1713668132.491166159 -0.677887 1.111422 0.803245 0.724943 -0.688491 -0.003536 0.020634
1713668132.557859159 -0.676908 1.110257 0.802641 0.724807 -0.688629 -0.003837 0.020731
1713668132.624573159 -0.678873 1.108950 0.803608 0.725374 -0.688038 -0.004092 0.020502
1713668132.691207159 -0.676428 1.109711 0.802619 0.724862 -0.688569 -0.004097 0.020743
1713668132.758037159 -0.676441 1.109704 0.802598 0.724553 -0.688899 -0.003742 0.020691
1713668132.824522159 -0.676635 1.110056 0.802606 0.724799 -0.688651 -0.004535 0.020175
1713668132.891215159 -0.679529 1.110131 0.804331 0.725427 -0.687993 -0.004654 0.019987
1713668132.958040159 -0.677851 1.111822 0.803222 0.725216 -0.688184 -0.004611 0.021070
1713668133.024598159 -0.678737 1.112950 0.803415 0.725446 -0.687939 -0.004561 0.021152
1713668133.091278159 -0.679666 1.114261 0.804070 0.725930 -0.687446 -0.004881 0.020478
1713668133.157901159 -0.683293 1.115022 0.805784 0.726354 -0.687018 -0.004393 0.019927
1713668133.224606159 -0.684042 1.118741 0.805571 0.726835 -0.686508 -0.004108 0.020038
1713668133.291351159 -0.687345 1.121666 0.806696 0.726684 -0.686681 -0.003835 0.019623
1713668133.357877159 -0.690755 1.124757 0.807567 0.726905 -0.686464 -0.003592 0.019048
1713668133.424562159 -0.696956 1.127577 0.809803 0.728127 -0.685177 -0.003307 0.018768
1713668133.491255159 -0.693080 1.126971 0.808242 0.726923 -0.686445 -0.003189 0.019136
1713668133.557956159 -0.692234 1.126389 0.807801 0.726921 -0.686448 -0.003664 0.019024
1713668133.624587159 -0.691401 1.125814 0.807920 0.727359 -0.685970 -0.003984 0.019455
1713668133.691401159 -0.693083 1.124381 0.808918 0.727105 -0.686250 -0.003890 0.019061
1713668133.757906159 -0.687166 1.121391 0.805905 0.726872 -0.686465 -0.004341 0.020109
1713668133.824515159 -0.683690 1.117602 0.804694 0.726596 -0.686738 -0.004616 0.020677
1713668133.891405159 -0.680280 1.113650 0.803372 0.725632 -0.687755 -0.004722 0.020697
1713668133.957985159 -0.679533 1.109370 0.802887 0.725235 -0.688179 -0.004455 0.020608
1713668134.024664159 -0.676917 1.109705 0.801700 0.724822 -0.688604 -0.005077 0.020784
1713668134.091348159 -0.676684 1.109392 0.801737 0.724389 -0.689060 -0.005235 0.020721
1713668134.157958159 -0.676533 1.109200 0.801621 0.724032 -0.689433 -0.004795 0.020891
1713668134.224647159 -0.679008 1.108609 0.802667 0.724586 -0.688878 -0.004617 0.020024
1713668134.291357159 -0.673339 1.105983 0.800847 0.723657 -0.689833 -0.005323 0.020558
1713668134.357919159 -0.670205 1.102764 0.799280 0.723611 -0.689857 -0.005506 0.021312
1713668134.424817159 -0.667149 1.099622 0.798087 0.723288 -0.690170 -0.005518 0.022127
1713668134.491322159 -0.666529 1.095836 0.798157 0.723083 -0.690405 -0.005949 0.021376
1713668134.557892159 -0.663511 1.095481 0.796657 0.722976 -0.690504 -0.006305 0.021699
1713668134.624783159 -0.663121 1.094606 0.796416 0.722582 -0.690911 -0.006042 0.021929
1713668134.691279159 -0.662744 1.093815 0.796172 0.722511 -0.690986 -0.005931 0.021910
1713668134.758124159 -0.664846 1.092474 0.797118 0.722611 -0.690891 -0.005868 0.021663
1713668134.824755159 -0.663679 1.094603 0.796483 0.722495 -0.690996 -0.005235 0.022331
1713668134.891291159 -0.664980 1.096252 0.796987 0.722946 -0.690524 -0.004976 0.022359
1713668134.958011159 -0.666433 1.098029 0.797498 0.723371 -0.690094 -0.005306 0.021823
1713668135.024741159 -0.670360 1.099177 0.799191 0.723706 -0.689753 -0.004926 0.021566
1713668135.091288159 -0.668647 1.100646 0.798038 0.723440 -0.690017 -0.004901 0.022063
1713668135.158129159 -0.669338 1.101467 0.798460 0.723517 -0.689946 -0.005127 0.021694
1713668135.224610159 -0.669967 1.102316 0.798755 0.723517 -0.689933 -0.004353 0.022277
1713668135.291307159 -0.673227 1.102709 0.800234 0.724127 -0.689308 -0.004371 0.021820
1713668135.358243159 -0.667973 1.100076 0.797967 0.723359 -0.690077 -0.004326 0.022950
1713668135.424640159 -0.665241 1.096928 0.796622 0.723144 -0.690285 -0.004255 0.023483
1713668135.491288159 -0.662657 1.093853 0.795456 0.722719 -0.690718 -0.004710 0.023748
1713668135.558175159 -0.662454 1.090213 0.795634 0.722680 -0.690780 -0.004957 0.023056
1713668135.624737159 -0.660115 1.091230 0.794435 0.722411 -0.691040 -0.004582 0.023760
1713668135.691428159 -0.660231 1.091729 0.794560 0.722395 -0.691059 -0.004592 0.023708
1713668135.758013159 -0.660420 1.092270 0.794745 0.722382 -0.691080 -0.004606 0.023484
1713668135.824704159 -0.663164 1.092388 0.796114 0.722839 -0.690622 -0.004125 0.022986
1713668135.891419159 -0.661441 1.093960 0.795364 0.722880 -0.690569 -0.004376 0.023229
1713668135.958053159 -0.662170 1.094971 0.795849 0.722592 -0.690867 -0.003829 0.023422
1713668136.024750159 -0.662955 1.096043 0.796276 0.722711 -0.690737 -0.003437 0.023647
1713668136.091560159 -0.666273 1.096667 0.798066 0.723603 -0.689830 -0.004037 0.022723
1713668136.158144159 -0.665907 1.099535 0.797582 0.723712 -0.689710 -0.003365 0.023033
1713668136.224666159 -0.668035 1.101897 0.798209 0.724303 -0.689093 -0.003416 0.022905
1713668136.291529159 -0.670154 1.104199 0.799078 0.724707 -0.688691 -0.003902 0.022123
1713668136.358071159 -0.674841 1.106086 0.801257 0.725562 -0.687809 -0.003765 0.021546
1713668136.424915159 -0.674981 1.109095 0.800868 0.725610 -0.687749 -0.003206 0.021937
1713668136.491386159 -0.678209 1.112157 0.801763 0.726034 -0.687316 -0.003116 0.021493
1713668136.558019159 -0.681278 1.115136 0.802715 0.726642 -0.686682 -0.003113 0.021209
1713668136.624925159 -0.687188 1.117769 0.805057 0.727215 -0.686099 -0.002661 0.020471
1713668136.691374159 -0.682683 1.116744 0.803272 0.726629 -0.686703 -0.002707 0.021045
1713668136.758061159 -0.681090 1.115471 0.802738 0.726551 -0.686781 -0.003251 0.021101
1713668136.824766159 -0.679365 1.114062 0.802451 0.726339 -0.687003 -0.003903 0.021052
1713668136.891459159 -0.680283 1.112135 0.802998 0.726374 -0.686973 -0.003164 0.020949
1713668136.958132159 -0.674514 1.108467 0.800300 0.725647 -0.687714 -0.003627 0.021723
1713668137.024865159 -0.671274 1.104176 0.798887 0.724895 -0.688492 -0.003759 0.022171
1713668137.091389159 -0.668035 1.099934 0.797335 0.724433 -0.688965 -0.003989 0.022533
1713668137.158096159 -0.667165 1.094970 0.796979 0.724236 -0.689185 -0.003999 0.022139
1713668137.224910159 -0.663493 1.095014 0.795499 0.723590 -0.689837 -0.003766 0.022981
1713668137.291503159 -0.662187 1.094556 0.795598 0.723766 -0.689656 -0.003897 0.022863
1713668137.358143159 -0.660396 1.093671 0.795221 0.723620 -0.689823 -0.003385 0.022524
1713668137.424838159 -0.661343 1.090982 0.794039 0.723017 -0.690454 -0.004071 0.022440
1713668137.491472159 -0.661084 1.086497 0.788038 0.718610 -0.694905 -0.007703 0.025424
1713668137.558186159 -0.667707 1.078058 0.778950 0.711941 -0.701628 -0.010614 0.027294
1713668137.624836159 -0.674169 1.068314 0.773304 -0.703897 0.709528 0.012454 -0.030729
1713668137.691476159 -0.682843 1.057204 0.768889 -0.696795 0.716447 0.015302 -0.030756
1713668137.758353159 -0.696577 1.050589 0.760518 -0.687591 0.725379 0.017709 -0.027039
1713668137.824880159 -0.704639 1.040635 0.755278 -0.680541 0.731981 0.020499 -0.025445
1713668137.891444159 -0.723182 1.033375 0.748494 -0.672355 0.739222 0.028358 -0.026201
1713668137.958367159 -0.742670 1.028356 0.742192 -0.662966 0.747555 0.031865 -0.024939
1713668138.024842159 -0.745105 1.023698 0.746906 -0.658284 0.751334 0.036477 -0.028795
1713668138.091602159 -0.758773 1.020331 0.747102 -0.659922 0.749455 0.038702 -0.036368
1713668138.158242159 -0.772048 1.019366 0.749161 -0.665618 0.744131 0.031578 -0.047153
1713668138.224875159 -0.777577 1.014379 0.749612 -0.678080 0.732416 0.023392 -0.056809
1713668138.291647159 -0.780581 1.014471 0.736900 -0.695713 0.714926 0.010134 -0.069005
1713668138.358240159 -0.777619 0.997951 0.720136 0.714729 -0.695082 -0.007700 0.077231
1713668138.424815159 -0.780639 0.984911 0.698730 0.729264 -0.679660 -0.012482 0.077976
1713668138.491633159 -0.788850 0.984917 0.679943 0.738431 -0.669187 -0.026058 0.078923
1713668138.558243159 -0.796599 0.990871 0.675966 0.752645 -0.653125 -0.042206 0.071916
1713668138.624845159 -0.798307 0.994571 0.662881 0.769563 -0.632936 -0.056782 0.062770
1713668138.691671159 -0.822756 1.012716 0.667082 0.791263 -0.604736 -0.065636 0.062365
1713668138.758195159 -0.838169 1.016624 0.654148 0.814832 -0.572884 -0.064029 0.061262
1713668138.824861159 -0.846386 1.021527 0.639197 0.829759 -0.551053 -0.062141 0.063078
1713668138.891732159 -0.846453 1.024866 0.624144 0.835691 -0.542143 -0.060563 0.063514
1713668138.958242159 -0.845027 1.030428 0.629368 0.840481 -0.534879 -0.060647 0.061788
1713668139.024947159 -0.831912 1.040422 0.636694 0.852788 -0.516094 -0.057352 0.055779
1713668139.091633159 -0.822558 1.049187 0.635542 0.869119 -0.488510 -0.059348 0.049680
1713668139.158234159 -0.817058 1.051871 0.624423 0.876984 -0.475207 -0.059825 0.038709
1713668139.224991159 -0.814833 1.061023 0.623292 0.882388 -0.465259 -0.063078 0.030763
1713668139.291657159 -0.811960 1.068453 0.624575 0.892120 -0.447004 -0.061401 0.023195
1713668139.358280159 -0.814114 1.075816 0.607929 0.893693 -0.444254 -0.061996 0.010346
1713668139.425065159 -0.812519 1.083852 0.602716 0.887900 -0.455699 -0.062472 0.008372
1713668139.491546159 -0.807475 1.088320 0.602109 0.881671 -0.466973 -0.065761 0.016348
1713668139.558205159 -0.808706 1.092522 0.603909 0.879745 -0.469728 -0.068507 0.026674
1713668139.625154159 -0.807414 1.094907 0.607935 0.879951 -0.468382 -0.070825 0.035888
1713668139.691584159 -0.811167 1.096578 0.609225 0.879895 -0.467882 -0.073596 0.038145
1713668139.758292159 -0.818499 1.100481 0.611969 0.878463 -0.471002 -0.072603 0.034481
1713668139.824992159 -0.819959 1.103027 0.615299 0.878085 -0.472489 -0.070708 0.026864
1713668139.891652159 -0.812034 1.106202 0.615587 0.874601 -0.479610 -0.068561 0.018585
1713668139.958379159 -0.805087 1.108313 0.615693 0.871940 -0.484593 -0.068765 0.012742
1713668140.024932159 -0.804489 1.109068 0.615784 0.869426 -0.489003 -0.069883 0.009530
1713668140.091624159 -0.808407 1.107733 0.617015 0.867181 -0.493352 -0.067593 0.005652
1713668140.158398159 -0.801106 1.112204 0.616980 0.868351 -0.491820 -0.063712 0.004539
1713668140.224931159 -0.797602 1.115047 0.614387 0.868594 -0.491798 -0.060535 0.003716
1713668140.291587159 -0.809827 1.116281 0.602882 0.865860 -0.496952 -0.057530 0.003883
1713668140.358505159 -0.816840 1.116596 0.601169 0.862304 -0.503271 -0.056087 0.002019
1713668140.424964159 -0.821683 1.112895 0.601712 0.852395 -0.520467 -0.050355 0.000789
1713668140.491661159 -0.823369 1.106945 0.601941 0.845454 -0.532143 -0.045059 0.001265
1713668140.558467159 -0.821653 1.099870 0.601755 0.837416 -0.545151 -0.039001 0.004812
1713668140.625026159 -0.817300 1.095773 0.616121 0.836300 -0.546917 -0.034820 0.016459
1713668140.691787159 -0.818095 1.091106 0.616065 0.839853 -0.541630 -0.028656 0.021511
1713668140.758347159 -0.817369 1.087525 0.614849 0.838969 -0.543091 -0.022976 0.025618
1713668140.825019159 -0.821261 1.083024 0.610129 0.838012 -0.544886 -0.018426 0.022254
1713668140.891668159 -0.812936 1.079091 0.604094 0.833863 -0.551197 -0.018713 0.022442
1713668140.958461159 -0.825458 1.080753 0.589423 0.829079 -0.558015 -0.022655 0.027095
1713668141.024960159 -0.846344 1.079698 0.584464 0.821820 -0.568440 -0.023472 0.030603
1713668141.091826159 -0.864860 1.077679 0.579631 0.810706 -0.584372 -0.021965 0.027981
1713668141.158456159 -0.882638 1.077275 0.579640 0.799186 -0.600126 -0.022937 0.024994
1713668141.224971159 -0.913461 1.079463 0.581304 0.788665 -0.614007 -0.020913 0.023773
1713668141.291836159 -0.937292 1.077541 0.588838 0.781548 -0.623133 -0.017200 0.024349
1713668141.358349159 -0.938841 1.077025 0.576373 0.769183 -0.638362 -0.018150 0.022828
1713668141.425121159 -0.977165 1.077826 0.587032 0.753140 -0.657113 -0.020983 0.023297
1713668141.491838159 -1.016837 1.086094 0.590102 0.735760 -0.676557 -0.020198 0.022796
1713668141.558350159 -1.057919 1.083283 0.580636 -0.706538 0.707046 0.023339 -0.018578
1713668141.625133159 -1.188218 1.094667 0.568205 -0.662308 0.748402 0.028050 -0.021343
1713668141.691732159 -1.256739 1.073088 0.562141 -0.613822 0.788764 0.030220 -0.012645
1713668141.758313159 -1.294405 1.091995 0.544914 -0.559136 0.828192 0.037864 -0.005598
1713668141.825292159 -1.306489 1.079047 0.546915 -0.512574 0.857731 0.039564 0.000233
1713668141.891694159 -1.340725 1.093189 0.551335 -0.479804 0.876340 0.042618 -0.000057
1713668141.958389159 -1.346574 1.095794 0.545067 -0.438995 0.897391 0.044369 -0.002015
1713668142.025292159 -1.330043 1.098653 0.517351 -0.416228 0.908097 0.044117 -0.012940
1713668142.091696159 -1.336494 1.101224 0.509559 -0.411960 0.909666 0.046701 -0.024825
1713668142.158354159 -1.355182 1.104690 0.507888 -0.406748 0.911536 0.049925 -0.034143
1713668142.225315159 -1.358848 1.107627 0.497825 -0.402511 0.913297 0.054820 -0.029454
1713668142.291728159 -1.346544 1.108495 0.480394 -0.408182 0.910661 0.059109 -0.024287
1713668142.358518159 -1.341783 1.111465 0.478399 -0.417742 0.906502 0.056556 -0.023390
1713668142.425144159 -1.304343 1.108982 0.458166 -0.430348 0.900959 0.049101 -0.025761
1713668142.491780159 -1.273802 1.104049 0.441383 -0.469046 0.881523 0.041608 -0.034382
1713668142.558573159 -1.250592 1.086585 0.433356 -0.513686 0.856196 0.031899 -0.045141
1713668142.625055159 -1.215141 1.066734 0.437701 -0.570249 0.819524 0.022954 -0.051677
1713668142.691804159 -1.217951 1.056066 0.445669 -0.622508 0.781179 0.003024 -0.047275
1713668142.758681159 -1.174626 1.000818 0.447704 -0.656267 0.753751 -0.004875 -0.033895
1713668142.825141159 -1.131985 1.015639 0.466167 -0.700317 0.713372 -0.005068 -0.025112
1713668142.891760159 -1.116867 1.040044 0.499131 0.747239 -0.664081 0.004991 0.024598
1713668142.958672159 -1.094375 1.036795 0.496362 0.783056 -0.621303 0.013955 0.024720
1713668143.025083159 -1.053301 1.034623 0.502650 0.810027 -0.585643 0.016914 0.024338
1713668143.091961159 -1.053679 1.028936 0.503845 0.836984 -0.546424 0.022060 0.019782
1713668143.158497159 -1.018312 1.043916 0.519988 0.866534 -0.498124 0.027508 0.015311
1713668143.225114159 -1.012552 1.040446 0.523590 0.898278 -0.437306 0.038844 0.018748
1713668143.291909159 -0.998481 1.027197 0.514701 0.920842 -0.386680 0.044847 0.022730
1713668143.358537159 -0.979617 1.047636 0.516778 0.939327 -0.338610 0.050837 0.020590
1713668143.425128159 -0.959092 1.074477 0.516652 0.954929 -0.290947 0.056339 0.016920
1713668143.492079159 -0.936165 1.103798 0.520737 0.967075 -0.247302 0.059502 0.008185
1713668143.558432159 -0.915382 1.138566 0.528150 0.976759 -0.207120 0.054967 -0.004666
1713668143.625126159 -0.908323 1.160146 0.532318 0.985639 -0.159864 0.051627 -0.017145
1713668143.692024159 -0.902396 1.181778 0.531969 0.991411 -0.118727 0.048000 -0.026528
1713668143.758473159 -0.899126 1.207962 0.533594 0.994960 -0.081887 0.046155 -0.034919
1713668143.825085159 -0.898791 1.224772 0.528111 0.997405 -0.043088 0.043280 -0.038136
1713668143.892034159 -0.900211 1.234135 0.515982 0.998044 -0.019809 0.040917 -0.042916
1713668143.958543159 -0.900271 1.252530 0.515759 0.998377 -0.003155 0.037277 -0.042938
1713668144.025249159 -0.902875 1.261848 0.515324 0.998438 0.015845 0.036062 -0.039626
1713668144.091888159 -0.904154 1.269961 0.510644 0.998319 0.025614 0.034381 -0.039001
1713668144.158615159 -0.906753 1.274975 0.509097 0.998224 0.031433 0.033478 -0.037958
1713668144.225194159 -0.909909 1.280184 0.509540 0.998085 0.034560 0.032680 -0.039554
1713668144.291928159 -0.912496 1.287164 0.511433 0.997780 0.042701 0.034238 -0.037936
1713668144.358628159 -0.913965 1.290425 0.525052 0.995911 0.070287 0.038564 -0.041650
1713668144.425326159 -0.920011 1.311055 0.536040 0.988835 0.133369 0.044771 -0.049132
1713668144.491965159 -0.928809 1.334449 0.537422 0.971409 0.224331 0.059402 -0.050122
1713668144.558539159 -0.942361 1.360973 0.539875 0.941842 0.323220 0.074251 -0.054312
1713668144.625431159 -0.930205 1.377996 0.539855 0.913805 0.393825 0.081610 -0.056586
1713668144.691857159 -0.920469 1.394597 0.540381 0.887660 0.449560 0.082800 -0.055678
1713668144.758636159 -0.927182 1.402873 0.541863 0.867331 0.487200 0.082989 -0.059030
1713668144.825246159 -0.934676 1.413996 0.543854 0.854605 0.508731 0.083054 -0.062804
1713668144.891872159 -0.941800 1.418814 0.546088 0.834594 0.539765 0.087545 -0.066652
1713668144.958738159 -0.944372 1.423527 0.548008 0.829763 0.546445 0.087474 -0.072380
1713668145.025252159 -0.944784 1.429221 0.549942 0.830065 0.545289 0.090254 -0.074209
1713668145.091858159 -0.946716 1.430889 0.550779 0.824556 0.553181 0.093904 -0.072665
1713668145.158778159 -0.931134 1.436096 0.551813 0.835264 0.536649 0.092668 -0.075861
1713668145.225276159 -0.926935 1.437136 0.553191 0.852283 0.509621 0.089447 -0.076809
1713668145.291884159 -0.907998 1.432556 0.552468 0.867910 0.483466 0.086773 -0.073913
1713668145.358712159 -0.867563 1.420515 0.554497 0.901463 0.419301 0.085499 -0.065131
1713668145.425281159 -0.839937 1.406461 0.553760 0.940254 0.325998 0.076906 -0.061095
1713668145.491944159 -0.833909 1.378674 0.550124 0.967994 0.234446 0.067731 -0.058608
1713668145.558793159 -0.843972 1.360513 0.537294 0.984893 0.156113 0.057175 -0.048435
1713668145.625297159 -0.837975 1.336265 0.529245 0.993355 0.095183 0.055192 -0.033751
1713668145.691973159 -0.839880 1.312466 0.527924 0.997661 0.041939 0.049246 -0.022111
1713668145.758620159 -0.838768 1.290017 0.527323 0.998755 0.000670 0.048707 -0.010727
1713668145.825284159 -0.843582 1.277592 0.525889 0.998206 -0.041804 0.042772 -0.002693
1713668145.891936159 -0.847938 1.265963 0.524867 0.995323 -0.087398 0.040689 0.006097
1713668145.958749159 -0.854884 1.254419 0.528562 0.990571 -0.131875 0.033479 0.016043
1713668146.025240159 -0.859587 1.244990 0.532536 0.984130 -0.173986 0.027441 0.021560
1713668146.092219159 -0.874682 1.231619 0.532041 0.976131 -0.214471 0.020013 0.027752
1713668146.158668159 -0.880863 1.225224 0.535225 0.965385 -0.257659 0.016363 0.037103
1713668146.225303159 -0.891853 1.219281 0.536204 0.957114 -0.286444 0.009491 0.042347
1713668146.292261159 -0.908327 1.203954 0.525857 0.945832 -0.320775 0.004158 0.049879
1713668146.358630159 -0.927679 1.186928 0.520035 0.925798 -0.372603 -0.001539 0.063742
1713668146.425416159 -0.952512 1.168560 0.520277 0.907833 -0.411822 -0.003878 0.078912
1713668146.492061159 -0.968729 1.144463 0.516272 0.886541 -0.453857 -0.004359 0.089666
1713668146.558601159 -1.002085 1.115889 0.515779 0.857402 -0.504546 -0.007751 0.101170
1713668146.625406159 -1.007624 1.106611 0.535434 0.832742 -0.544212 -0.007534 0.101578
1713668146.692001159 -1.016166 1.106965 0.549399 0.807791 -0.580106 -0.008670 0.104288
1713668146.758818159 -1.016584 1.104266 0.559536 0.789512 -0.604421 -0.010264 0.106026
1713668146.825522159 -1.024547 1.109565 0.565023 0.767077 -0.632204 -0.016923 0.107818
1713668146.892107159 -1.029585 1.111062 0.573081 0.756435 -0.644905 -0.018826 0.107472
1713668146.958610159 -1.045542 1.115773 0.581282 0.750952 -0.651337 -0.018470 0.107193
1713668147.025488159 -1.039369 1.111024 0.578349 0.744140 -0.659622 -0.018875 0.103920
1713668147.092056159 -1.049970 1.112947 0.582722 0.740351 -0.664561 -0.019612 0.099271
1713668147.158861159 -1.055421 1.114754 0.584001 0.738701 -0.666978 -0.020491 0.095085
1713668147.225342159 -1.061758 1.115285 0.584863 0.738443 -0.667545 -0.020842 0.093006
1713668147.292067159 -1.065162 1.116531 0.585799 0.738084 -0.668639 -0.021517 0.087696
1713668147.358814159 -1.062934 1.115051 0.584121 0.738554 -0.668899 -0.021974 0.081421
1713668147.425434159 -1.061693 1.114830 0.575367 0.735946 -0.672510 -0.023288 0.074647
1713668147.492099159 -1.059459 1.115707 0.578338 0.733930 -0.675388 -0.024336 0.067864
1713668147.558809159 -1.058644 1.115985 0.576620 0.733804 -0.675709 -0.026554 0.065147
1713668147.625455159 -1.056732 1.122917 0.582139 0.731011 -0.678785 -0.031594 0.062251
1713668147.692084159 -1.058353 1.127966 0.585367 0.730437 -0.679448 -0.034821 0.059987
1713668147.758900159 -1.058740 1.129816 0.591821 0.732203 -0.677575 -0.036427 0.058688
1713668147.825343159 -1.064023 1.119573 0.567642 0.732050 -0.678163 -0.038176 0.052356
1713668147.892084159 -1.062492 1.119377 0.556857 0.727179 -0.683798 -0.042480 0.042732
1713668147.959017159 -1.061937 1.120728 0.571897 0.729577 -0.681128 -0.045980 0.040849
1713668148.025451159 -1.066736 1.118322 0.565766 0.731756 -0.678877 -0.048045 0.036736
1713668148.092213159 -1.080115 1.116526 0.563344 0.730715 -0.680133 -0.049431 0.032111
1713668148.158825159 -1.089255 1.120925 0.556883 0.725575 -0.685826 -0.052109 0.021646
1713668148.225427159 -1.086987 1.118456 0.556493 0.721175 -0.690464 -0.053838 0.016380
1713668148.292193159 -1.097886 1.117077 0.551604 0.718526 -0.693345 -0.053211 0.012740
1713668148.358886159 -1.095773 1.111575 0.550161 0.714602 -0.697563 -0.051179 0.011434
1713668148.425392159 -1.108624 1.113190 0.552746 0.708038 -0.704341 -0.049412 0.011980
1713668148.492398159 -1.110812 1.107045 0.554844 -0.695158 0.716925 0.050712 -0.014210
1713668148.558718159 -1.104224 1.101448 0.563752 -0.693782 0.718279 0.050001 -0.015545
1713668148.625519159 -1.104808 1.097805 0.564326 -0.692831 0.719369 0.047673 -0.014824
1713668148.692358159 -1.105357 1.099919 0.564731 -0.693365 0.719359 0.040402 -0.011616
1713668148.758790159 -1.104462 1.101731 0.562157 -0.696187 0.716922 0.035171 -0.010477
1713668148.825508159 -1.103026 1.101942 0.557075 -0.697446 0.715730 0.034527 -0.010363
1713668148.892230159 -1.099988 1.101439 0.559819 -0.700780 0.712446 0.035212 -0.009430
1713668148.958854159 -1.093014 1.106577 0.560076 0.708240 -0.705002 -0.036393 0.006552
1713668149.025502159 -1.081522 1.106626 0.560397 0.712687 -0.700479 -0.037388 0.002895
1713668149.092146159 -1.072020 1.110774 0.564017 0.720781 -0.692117 -0.038048 0.001284
1713668149.158901159 -1.058441 1.109427 0.558833 0.725988 -0.686726 -0.036708 -0.000466
1713668149.225593159 -1.037242 1.108511 0.557725 0.727932 -0.684515 -0.039411 -0.000583
1713668149.292232159 -1.028054 1.106270 0.558331 0.733268 -0.678685 -0.041297 -0.000604
1713668149.358784159 -1.012312 1.103326 0.555686 0.735073 -0.676757 -0.040787 -0.001822
1713668149.425706159 -0.988211 1.104301 0.572020 0.740352 -0.670986 -0.040597 -0.002973
1713668149.492245159 -0.971992 1.102005 0.574274 0.747139 -0.663643 -0.036837 -0.002215
1713668149.558811159 -0.948665 1.099684 0.574030 0.753344 -0.656693 -0.034896 -0.003102
1713668149.625665159 -0.930995 1.099004 0.577180 0.761635 -0.647236 -0.031504 -0.002406
1713668149.692173159 -0.921881 1.096626 0.575098 0.769717 -0.637674 -0.030015 -0.002451
1713668149.759020159 -0.907420 1.096621 0.571695 0.776455 -0.629332 -0.032502 -0.001592
1713668149.825591159 -0.904568 1.096694 0.567952 0.782311 -0.622040 -0.032475 0.000830
1713668149.892105159 -0.896660 1.097254 0.561376 0.787074 -0.615956 -0.033327 0.001606
1713668149.958952159 -0.896676 1.099004 0.552417 0.789910 -0.612084 -0.037336 0.000842
1713668150.025523159 -0.895218 1.100636 0.548028 0.793010 -0.607837 -0.040844 -0.001239
1713668150.092218159 -0.896019 1.101690 0.543902 0.792756 -0.608034 -0.042751 -0.002005
1713668150.158980159 -0.898744 1.103526 0.538304 0.792924 -0.607829 -0.042532 -0.002639
1713668150.225558159 -0.899732 1.103664 0.537656 0.792138 -0.608942 -0.041302 -0.000822
1713668150.292223159 -0.896072 1.103467 0.538246 0.790590 -0.610993 -0.040676 0.001105
1713668150.359132159 -0.894829 1.103184 0.535424 0.788547 -0.613720 -0.039183 0.002537
1713668150.425516159 -0.887865 1.102158 0.544293 0.787774 -0.614817 -0.037351 0.004034
1713668150.492341159 -0.884657 1.101058 0.548260 0.789778 -0.612333 -0.035498 0.006219
1713668150.558914159 -0.881549 1.100774 0.547358 0.791823 -0.609860 -0.031651 0.009237
1713668150.625589159 -0.884531 1.099744 0.547852 0.791061 -0.610972 -0.028070 0.012178
1713668150.692430159 -0.880390 1.098503 0.554470 0.792341 -0.609491 -0.023548 0.012704
1713668150.758938159 -0.874863 1.097489 0.558037 0.796331 -0.604411 -0.017998 0.014841
1713668150.825565159 -0.864250 1.098031 0.560008 0.799711 -0.600122 -0.009713 0.014876
1713668150.892356159 -0.853623 1.097506 0.564459 0.803868 -0.594573 -0.004339 0.016155
1713668150.958869159 -0.848990 1.097703 0.564379 0.807506 -0.589539 -0.001380 0.019402
1713668151.025664159 -0.848121 1.096780 0.564305 0.810391 -0.585504 0.001600 0.021202
1713668151.092500159 -0.846822 1.098905 0.563279 0.812869 -0.582082 0.002186 0.020482
1713668151.158930159 -0.846403 1.099710 0.563200 0.814947 -0.579163 0.003617 0.020463
1713668151.225577159 -0.845535 1.100294 0.562103 0.816819 -0.576513 0.003578 0.020641
1713668151.292508159 -0.850689 1.101053 0.560630 0.818418 -0.574235 0.002744 0.020974
1713668151.358990159 -0.850463 1.100622 0.560153 0.817695 -0.575263 0.001428 0.021110
1713668151.425651159 -0.851244 1.099943 0.561667 0.819370 -0.572749 0.000017 0.024341
1713668151.492329159 -0.852052 1.099191 0.559794 0.820654 -0.570864 -0.000143 0.025320
1713668151.559064159 -0.854056 1.098225 0.558513 0.820542 -0.571084 -0.000114 0.023961
1713668151.625748159 -0.852180 1.099065 0.560642 0.821998 -0.569021 -0.000042 0.023134
1713668151.692345159 -0.850251 1.100461 0.559933 0.824247 -0.565800 0.000772 0.022049
1713668151.758915159 -0.850295 1.100923 0.560300 0.825270 -0.564314 0.001491 0.021860
1713668151.825891159 -0.851544 1.101634 0.558072 0.826093 -0.563171 0.003058 0.019982
1713668151.892290159 -0.849918 1.102891 0.556827 0.825320 -0.564382 0.003350 0.017542
1713668151.958971159 -0.849791 1.103968 0.557243 0.826042 -0.563335 0.002399 0.017393
1713668152.025887159 -0.850125 1.104993 0.556532 0.827170 -0.561664 0.001865 0.017884
1713668152.092353159 -0.850909 1.105638 0.555426 0.827199 -0.561596 0.002171 0.018624
1713668152.159104159 -0.849731 1.106310 0.555352 0.828021 -0.560361 0.002128 0.019279
1713668152.225718159 -0.851063 1.106532 0.554199 0.828895 -0.559054 0.001094 0.019782
1713668152.292324159 -0.851586 1.106981 0.553357 0.828538 -0.559581 0.000903 0.019831
1713668152.359157159 -0.852851 1.107330 0.553619 0.829594 -0.558014 0.001164 0.019827
1713668152.425708159 -0.852423 1.107861 0.552585 0.829423 -0.558299 0.002065 0.018846
1713668152.492358159 -0.853390 1.108624 0.552465 0.828778 -0.559280 0.002461 0.018089
1713668152.559102159 -0.854827 1.109323 0.552461 0.829656 -0.557979 0.001619 0.018105
1713668152.625738159 -0.856692 1.109726 0.551240 0.829516 -0.558179 0.001890 0.018307
1713668152.692399159 -0.855939 1.110473 0.550754 0.829575 -0.558054 0.001459 0.019456
1713668152.759257159 -0.855994 1.110825 0.550065 0.829894 -0.557572 0.001047 0.019727
1713668152.825661159 -0.855832 1.111141 0.549358 0.830436 -0.556752 0.000399 0.020054
1713668152.892329159 -0.856493 1.111067 0.547610 0.830596 -0.556569 0.000990 0.018458
1713668152.959256159 -0.853984 1.112185 0.547007 0.829851 -0.557775 0.001172 0.015282
1713668153.025702159 -0.854714 1.113731 0.546599 0.829655 -0.558094 -0.000065 0.014255
1713668153.092489159 -0.855500 1.114722 0.546313 0.829988 -0.557593 -0.000589 0.014477
1713668153.159072159 -0.856541 1.115190 0.545816 0.830560 -0.556733 -0.000661 0.014771
1713668153.225699159 -0.855796 1.115505 0.545374 0.830451 -0.556890 0.000073 0.014967
1713668153.292458159 -0.855733 1.115802 0.545675 0.831087 -0.555952 0.000556 0.014558
1713668153.359087159 -0.856226 1.116007 0.545128 0.832084 -0.554456 0.000425 0.014671
1713668153.425818159 -0.857321 1.115830 0.544286 0.832259 -0.554179 0.001089 0.015136
1713668153.492543159 -0.857024 1.116817 0.543872 0.832848 -0.553309 0.002407 0.014394
1713668153.559189159 -0.856953 1.117576 0.543364 0.833496 -0.552357 0.003228 0.013283
1713668153.625703159 -0.857543 1.118511 0.542449 0.833617 -0.552194 0.002900 0.012485
1713668153.692647159 -0.860129 1.118652 0.542159 0.833874 -0.551792 0.001947 0.013292
1713668153.759138159 -0.860717 1.119055 0.542032 0.835013 -0.550060 0.002372 0.013475
1713668153.825828159 -0.861268 1.119347 0.541036 0.835672 -0.549055 0.003558 0.013360
1713668153.892492159 -0.862240 1.119494 0.540013 0.835981 -0.548575 0.004095 0.013609
1713668153.959206159 -0.860365 1.119865 0.533928 0.832168 -0.554305 0.002022 0.015442
1713668154.025875159 -0.827609 1.118067 0.531682 0.820270 -0.571631 -0.011961 0.015909
1713668154.092542159 -0.863325 1.123301 0.531844 0.796121 -0.603870 -0.038083 0.009062
1713668154.159115159 -0.867131 1.127503 0.566326 0.772435 -0.633747 -0.041033 0.004969
1713668154.225830159 -0.867140 1.128753 0.617249 0.766318 -0.641930 -0.026128 -0.000545
1713668154.292505159 -0.860180 1.124843 0.644550 0.766751 -0.641939 -0.002764 0.000286
1713668154.359139159 -0.855629 1.120187 0.652622 0.768801 -0.639262 0.016847 -0.002478
1713668154.425972159 -0.855017 1.112295 0.652641 0.764335 -0.644013 0.031811 -0.005223
1713668154.492535159 -0.823429 1.104597 0.604997 0.743903 -0.667317 0.026296 -0.024567
1713668154.559167159 -0.823823 1.129884 0.624875 -0.703520 0.709310 -0.012989 0.042067
1713668154.625965159 -0.829625 1.107007 0.837508 -0.695789 0.716050 -0.021839 0.051705
1713668154.692429159 -0.794930 1.083658 0.842172 0.710117 -0.700563 0.032829 -0.062194
1713668154.759224159 -0.793961 1.080596 0.860409 0.716975 -0.694903 0.026779 -0.048368
1713668154.825810159 -0.800082 1.080390 0.856100 0.720693 -0.690725 0.043692 -0.039901
1713668154.892513159 -0.778003 1.067656 0.824834 -0.702809 0.709464 -0.045315 0.025827
1713668154.959186159 -0.784491 1.067870 0.824784 -0.668300 0.743182 -0.031495 0.008001
1713668155.025879159 -0.788032 1.054128 0.847586 -0.635825 0.771240 -0.030196 -0.001918
1713668155.092435159 -0.773841 1.047076 0.874082 -0.613227 0.789569 -0.021856 -0.007446
1713668155.159350159 -0.779080 1.052065 0.956701 -0.616299 0.786877 -0.029039 -0.012514
1713668155.225850159 -0.763374 1.047823 0.954912 -0.628168 0.777136 -0.037193 -0.009037
1713668155.292439159 -0.751403 1.027088 0.963261 -0.642818 0.764971 -0.039507 -0.006587
1713668155.359407159 -0.746013 1.026659 0.966179 -0.644304 0.763554 -0.042106 -0.009218
1713668155.425866159 -0.738533 1.022604 0.964155 -0.647223 0.761188 -0.040941 -0.004315
1713668155.492619159 -0.735248 1.023555 0.958924 -0.653144 0.756277 -0.037299 -0.007521
1713668155.559226159 -0.729847 1.020607 0.963781 -0.662332 0.748822 -0.024010 -0.002403
1713668155.625856159 -0.723072 1.022850 0.967202 -0.673033 0.739358 -0.019297 -0.002010
1713668155.692639159 -0.716430 1.023087 0.970865 -0.682164 0.731055 -0.014464 0.001658
1713668155.759253159 -0.708613 1.017565 0.961226 -0.686181 0.727277 -0.006057 0.013675
1713668155.825886159 -0.708365 1.019143 0.964941 -0.688591 0.725061 -0.006038 0.009597
1713668155.892599159 -0.701811 1.018657 0.967134 -0.690401 0.723360 -0.009138 0.003546
1713668155.959205159 -0.698949 1.020486 0.962492 -0.692637 0.721180 -0.004382 0.011621
1713668156.025859159 -0.699167 1.024127 0.963254 -0.694374 0.719460 -0.003252 0.014527
1713668156.092781159 -0.698998 1.026614 0.965684 -0.695639 0.718257 -0.003515 0.013455
1713668156.159242159 -0.693083 1.027382 0.963574 -0.697724 0.716240 -0.002405 0.013214
1713668156.225888159 -0.692597 1.029190 0.967232 -0.698129 0.715750 0.002285 0.017686
1713668156.292713159 -0.695201 1.034139 0.966263 -0.699058 0.714839 0.005179 0.017236
1713668156.359320159 -0.694431 1.035919 0.966557 -0.701981 0.712003 0.005644 0.015564
1713668156.426038159 -0.692809 1.034544 0.966273 -0.702475 0.711510 0.006760 0.015358
1713668156.492600159 -0.691966 1.033943 0.964940 -0.703342 0.710622 0.008051 0.016150
1713668156.559205159 -0.692067 1.033306 0.962760 -0.703029 0.710963 0.007631 0.014951
1713668156.625985159 -0.690089 1.030514 0.962839 -0.703378 0.710659 0.006333 0.013542
1713668156.692649159 -0.690758 1.031329 0.963424 -0.703033 0.710995 0.005291 0.014207
1713668156.759310159 -0.691932 1.032722 0.963097 -0.703081 0.710970 0.004557 0.013351
1713668156.826087159 -0.693226 1.033863 0.964337 -0.703025 0.711048 0.004209 0.012162
1713668156.892625159 -0.693625 1.034559 0.964550 -0.703061 0.711015 0.003944 0.012139
1713668156.959313159 -0.691320 1.032039 0.963464 -0.702762 0.711320 0.004216 0.011461
1713668157.026152159 -0.689707 1.029877 0.962338 -0.702570 0.711501 0.004512 0.011845
1713668157.092612159 -0.688279 1.027590 0.960420 -0.701424 0.712624 0.004912 0.012128
1713668157.159405159 -0.687264 1.025162 0.959580 -0.701104 0.712937 0.004849 0.012256
1713668157.225988159 -0.685525 1.025393 0.960362 -0.702105 0.711983 0.003582 0.010722
1713668157.292656159 -0.683896 1.025844 0.959111 -0.701825 0.712223 0.002735 0.013150
1713668157.359299159 -0.682321 1.024304 0.956083 -0.700375 0.713589 0.002309 0.016105
1713668157.426071159 -0.681370 1.021176 0.950296 -0.697076 0.716838 0.001769 0.014967
1713668157.492595159 -0.683940 1.014984 0.949312 -0.689281 0.724354 0.008114 0.011700
1713668157.559579159 -0.685353 1.008766 0.947900 -0.683061 0.730194 0.012145 0.009875
1713668157.626072159 -0.697110 1.007576 0.952173 -0.681722 0.731461 0.008387 0.012222
1713668157.692685159 -0.702974 1.006177 0.928473 -0.678799 0.734280 -0.002921 0.007503
1713668157.759520159 -0.727928 1.015847 0.922917 -0.689781 0.723929 -0.010299 -0.004850
1713668157.825964159 -0.740348 1.012939 0.919260 0.724791 -0.688850 0.010639 0.007150
1713668157.892626159 -0.746546 1.004515 0.908666 0.760075 -0.649672 0.012679 0.007154
1713668157.959546159 -0.775103 1.006390 0.878228 0.788861 -0.614444 0.011480 0.005001
1713668158.026035159 -0.783601 1.016664 0.860301 0.810391 -0.585600 0.015766 0.009475
1713668158.092814159 -0.823427 1.028495 0.855360 0.838468 -0.544527 0.019447 0.009195
1713668158.159302159 -0.819547 1.035415 0.844265 0.866280 -0.499312 0.014798 0.005351
1713668158.226060159 -0.872842 1.033029 0.826834 0.891080 -0.453567 0.014498 -0.006618
1713668158.292829159 -0.878085 1.044659 0.806332 0.908738 -0.416090 0.020867 -0.025098
1713668158.359421159 -0.885574 1.063839 0.787626 0.923208 -0.381429 0.018592 -0.043055
1713668158.425974159 -0.895090 1.079706 0.760084 0.935828 -0.345200 0.025326 -0.066495
1713668158.492900159 -0.890324 1.095185 0.734344 0.943797 -0.315195 0.022718 -0.096867
1713668158.559415159 -0.870195 1.111016 0.723969 0.950399 -0.286953 0.033829 -0.115132
1713668158.626039159 -0.856964 1.132598 0.707111 0.958085 -0.245679 0.056646 -0.136035
1713668158.692892159 -0.841953 1.139505 0.699755 0.958679 -0.215410 0.097656 -0.158102
1713668158.759347159 -0.824045 1.125169 0.709029 0.963166 -0.150890 0.159120 -0.155643
1713668158.826129159 -0.772972 1.140371 0.675021 0.956369 -0.101595 0.224722 -0.156643
1713668158.892830159 -0.739229 1.138612 0.678690 0.942957 -0.117628 0.267952 -0.158736
1713668158.959336159 -0.716460 1.134281 0.717942 0.935065 -0.113670 0.303785 -0.142994
1713668159.026144159 -0.685980 1.127481 0.735422 0.921255 -0.099307 0.355484 -0.122716
1713668159.092828159 -0.660611 1.116928 0.759396 0.898648 -0.100604 0.408184 -0.125285
1713668159.159455159 -0.630949 1.107235 0.790121 0.881851 -0.096432 0.442159 -0.132422
1713668159.226257159 -0.605791 1.100065 0.817565 0.870477 -0.091113 0.464722 -0.134168
1713668159.292789159 -0.595014 1.100386 0.832626 0.859829 -0.077924 0.484755 -0.140121
1713668159.359539159 -0.573917 1.098257 0.854140 0.839647 -0.067600 0.515609 -0.156749
1713668159.426276159 -0.548442 1.102104 0.862693 0.825095 -0.066041 0.533994 -0.172358
1713668159.492763159 -0.527498 1.105306 0.883858 0.813359 -0.070062 0.546178 -0.187689
1713668159.559510159 -0.530893 1.112823 0.897730 0.798727 -0.061893 0.562080 -0.205597
1713668159.626333159 -0.515127 1.117820 0.909248 0.776808 -0.047549 0.588230 -0.219758
1713668159.692831159 -0.507206 1.115430 0.908683 0.761107 -0.016598 0.613165 -0.210875
1713668159.759522159 -0.273542 1.049763 0.990597 0.745872 0.001704 0.635415 -0.199797
1713668159.826140159 -0.271520 1.047514 0.991358 0.733110 0.007903 0.649745 -0.200795
1713668159.892792159 -0.272019 1.047944 0.989544 0.721057 0.014221 0.665504 -0.192299
1713668159.959598159 -0.114105 0.839542 1.459019 0.716295 0.020641 0.673942 -0.179715
1713668160.026073159 -0.149841 0.852536 1.672871 0.717274 0.011878 0.672611 -0.181577
1713668160.092900159 0.503904 0.243874 1.977838 0.713836 0.010401 0.678135 -0.174535
1713668160.159667159 0.507892 0.242063 1.978705 0.706884 0.010731 0.687458 -0.166136
1713668160.226213159 0.564016 0.366563 1.888906 0.708422 0.010410 0.685093 -0.169341
1713668160.292703159 0.556339 0.391638 1.895804 0.706254 0.012871 0.688160 -0.165757
1713668160.359699159 0.646026 0.684249 1.915948 0.701043 0.009226 0.691402 -0.174403
1713668160.426216159 0.624130 0.744663 1.936584 0.697069 0.004864 0.694692 -0.177411
1713668160.492938159 0.629961 0.594667 2.112547 0.692052 -0.004479 0.697350 -0.186407
1713668160.559447159 0.682321 0.560659 2.155374 0.688864 -0.004240 0.701246 -0.183582
1713668160.626218159 0.684595 0.559015 2.157014 0.686586 -0.007484 0.702092 -0.188707
1713668160.692938159 0.717610 0.524075 2.198063 0.685118 -0.007525 0.704754 -0.184061
1713668160.759594159 0.732837 0.505708 2.168698 0.681373 -0.013591 0.710632 -0.174779
1713668160.826146159 0.834309 0.489542 2.336053 0.678406 -0.013802 0.714362 -0.171061
1713668160.893070159 0.830734 0.504012 2.338257 0.674338 -0.014792 0.719216 -0.166668
1713668160.959584159 0.840441 0.476742 2.384531 0.671668 -0.012243 0.722818 -0.162010
1713668161.026170159 0.884423 0.075483 2.010189 0.664783 -0.011887 0.730755 -0.154659
1713668161.092996159 0.888744 0.048636 2.028389 0.658725 -0.007993 0.737245 -0.149954
1713668161.159538159 0.894599 0.057452 2.067334 0.657772 -0.007035 0.738712 -0.146939
1713668161.226186159 -0.119423 -0.596187 1.686274 0.657971 -0.007113 0.739507 -0.141963
1713668161.293141159 -0.782241 -0.883624 1.805143 0.656481 -0.003561 0.741673 -0.137627
1713668161.359518159 -0.668139 -1.134054 2.016081 0.657925 -0.001086 0.740858 -0.135137
1713668161.426326159 -0.749929 -0.874762 1.923192 0.659548 -0.000030 0.739713 -0.133496
1713668161.492906159 -0.830606 -0.891358 2.007015 0.663602 0.002052 0.735758 -0.135235
1713668161.559552159 -1.150865 -0.857812 1.785248 0.666942 0.002227 0.732271 -0.137701
1713668161.626281159 -1.154252 -0.855863 1.782243 0.669252 0.006844 0.730322 -0.136689
1713668161.692959159 -1.146429 -0.846154 1.794006 0.671053 0.008191 0.728686 -0.136517
1713668161.759515159 -1.144952 -0.841756 1.797076 0.674415 0.008914 0.725559 -0.136560
1713668161.826448159 -1.134131 -0.838487 1.808859 0.675684 0.010603 0.725168 -0.132173
1713668161.892882159 -1.083976 -0.836224 1.819966 0.674936 0.013073 0.727206 -0.124346
1713668161.959622159 -5.060202 -1.094003 5.751997 0.675485 0.017419 0.727817 -0.117045
1713668162.026447159 -5.064510 -1.092065 5.753259 0.673675 0.028383 0.730464 -0.108528
1713668162.092890159 -5.064194 -1.091538 5.752022 0.671848 0.032918 0.733313 -0.098943
1713668162.159694159 -5.064098 -1.091324 5.751335 0.678998 0.040445 0.727087 -0.093111
1713668162.226220159 -5.063903 -1.091279 5.751549 0.680612 0.038793 0.725698 -0.092876
1713668162.293038159 -5.063455 -1.091290 5.752464 0.685824 0.033256 0.720808 -0.094743
1713668162.359724159 -5.062481 -1.091097 5.753449 0.689077 0.022929 0.718198 -0.094015
1713668162.426230159 -5.199371 -0.899613 5.929729 0.689985 0.023692 0.717598 -0.091720
1713668162.492961159 -5.122076 -1.433812 5.800771 0.690333 0.023582 0.717393 -0.090726
1713668162.559835159 -5.261994 -2.791996 6.400220 0.691876 0.022831 0.715843 -0.091406
1713668162.626287159 -5.228912 -2.813796 6.353881 0.692449 0.022580 0.715301 -0.091371
1713668162.692937159 -5.445145 -3.128046 6.741395 0.692847 0.021774 0.714829 -0.092242
1713668162.759893159 -5.566171 -3.287372 6.931077 0.693707 0.021425 0.713986 -0.092384
1713668162.826369159 -5.529169 -3.283145 6.872284 0.693589 0.021262 0.714086 -0.092539
1713668162.893077159 -5.611071 -3.146629 6.953932 0.693454 0.021258 0.714263 -0.092179
1713668162.959606159 -5.613406 -3.144770 6.956354 0.694056 0.020985 0.713642 -0.092521
1713668163.026307159 -5.613683 -3.144693 6.956635 0.694065 0.020692 0.713603 -0.092823
1713668163.093135159 -5.613740 -3.144681 6.956708 0.694097 0.020376 0.713599 -0.092686
1713668163.159720159 -5.582937 -3.322500 6.926213 0.694190 0.020198 0.713488 -0.092878
1713668163.226297159 -5.665474 -3.425712 7.064518 0.694194 0.020051 0.713469 -0.093029
1713668163.293095159 -5.667251 -3.428370 7.066923 0.694197 0.019967 0.713457 -0.093116
1713668163.359662159 -5.681793 -3.467098 7.085965 0.694202 0.019797 0.713435 -0.093290
1713668163.426344159 -5.631553 -3.472825 7.013856 0.694401 0.019653 0.713222 -0.093459
1713668163.493139159 -5.651216 -3.461433 7.074646 0.694414 0.019650 0.713242 -0.093216
1713668163.559763159 -5.714186 -3.526360 7.154248 0.694321 0.019828 0.713352 -0.093024
1713668163.626332159 -5.764725 -3.293452 7.204602 0.694445 0.019844 0.713232 -0.093020
1713668163.693229159 -5.796654 -3.242402 7.262640 0.694316 0.020018 0.713377 -0.092829
1713668163.759692159 -5.792006 -3.215087 7.253193 0.694209 0.019878 0.713501 -0.092712
1713668163.826464159 -5.807351 -3.237567 7.273942 0.694211 0.019794 0.713489 -0.092800
1713668163.893109159 -5.785130 -3.200615 7.241333 0.694428 0.019702 0.713266 -0.092917
1713668163.959661159 -5.783943 -3.198438 7.239649 0.694305 0.019686 0.713386 -0.092920
1713668164.026430159 -5.781273 -3.260047 7.236763 0.694305 0.019686 0.713386 -0.092920
1713668164.093137159 -5.782632 -3.188719 7.240267 0.694403 0.019610 0.713303 -0.092833
1713668164.159731159 -5.625495 -3.251339 7.021799 0.694400 0.019730 0.713319 -0.092710
1713668164.226556159 -5.622096 -3.252773 7.019087 0.694429 0.019388 0.713305 -0.092671
1713668164.293090159 -5.516282 -3.344069 6.851740 0.694432 0.019303 0.713294 -0.092758
1713668164.359726159 -5.506108 -3.369025 6.854215 0.694309 0.019287 0.713414 -0.092762
1713668164.426605159 -5.987885 -2.648753 7.563702 0.694335 0.018966 0.713399 -0.092743
1713668164.493082159 -6.021776 -2.652362 7.611110 0.694187 0.019011 0.713490 -0.093145
1713668164.559757159 -6.089440 -2.500754 7.690377 0.694063 0.018995 0.713610 -0.093148
1713668164.626456159 -6.215383 -2.534797 7.889364 0.694063 0.018995 0.713610 -0.093148
1713668164.693097159 -6.290521 -2.530431 8.005926 0.694095 0.018662 0.713599 -0.093064
1713668164.759843159 -5.784849 -3.076592 7.318261 0.694100 0.018473 0.713574 -0.093258
1713668164.826405159 -5.820062 -3.094135 7.377113 0.694008 0.018631 0.713681 -0.093086
1713668164.893103159 -5.929522 -3.073612 7.552957 0.694216 0.018848 0.713499 -0.092886
1713668164.959863159 -5.935554 -3.072751 7.558862 0.694228 0.018761 0.713501 -0.092801
1713668165.026404159 -5.910471 -2.950676 7.505199 0.694228 0.018761 0.713501 -0.092801
1713668165.093108159 -5.904553 -2.935257 7.499996 0.693997 0.018731 0.713725 -0.092807
1713668165.159995159 -5.903249 -2.914529 7.495228 0.693887 0.018543 0.713836 -0.092813
1713668165.226406159 -5.853272 -2.937921 7.413815 0.693914 0.018432 0.713858 -0.092466
1713668165.293066159 -5.781093 -2.913481 7.301826 0.693788 0.018154 0.713998 -0.092387
1713668165.360028159 -5.777082 -2.921527 7.299396 0.693959 0.018022 0.713855 -0.092237
1713668165.426433159 -5.759529 -2.873041 7.265065 0.693887 0.017888 0.713943 -0.092119
1713668165.493295159 -5.810563 -2.840964 7.351528 0.693887 0.017888 0.713943 -0.092119
1713668165.559841159 -5.608413 -3.008270 7.083795 0.693748 0.017914 0.714115 -0.091829
1713668165.626488159 -5.360257 -3.172652 6.694027 0.693743 0.018084 0.714138 -0.091654
1713668165.693261159 -5.193984 -2.934638 6.400260 0.693746 0.017999 0.714126 -0.091742
1713668165.759862159 -5.161203 -2.911401 6.354883 0.693743 0.018119 0.714142 -0.091618
1713668165.826486159 -5.325372 -2.901607 6.607785 0.693882 0.018011 0.714026 -0.091495
1713668165.893342159 -5.461748 -2.735501 6.823762 0.693882 0.018011 0.714026 -0.091495
1713668165.959874159 -5.464481 -2.733741 6.826158 0.693774 0.017872 0.714148 -0.091379
1713668166.026477159 -5.464735 -2.733670 6.826284 0.693763 0.017960 0.714146 -0.091463
1713668166.093282159 -5.464793 -2.733658 6.826278 0.693673 0.018068 0.714247 -0.091342
1713668166.159794159 -5.464800 -2.733655 6.826304 0.693548 0.017728 0.714378 -0.091328
1713668166.226607159 -5.464852 -2.733665 6.826301 0.693381 0.017832 0.714522 -0.091451
1713668166.293206159 -5.464876 -2.733667 6.826305 0.693381 0.017832 0.714522 -0.091451
1713668166.359918159 -5.464861 -2.733662 6.826344 0.693331 0.017350 0.714583 -0.091445
1713668166.426612159 -5.464866 -2.733649 6.826319 0.693130 0.017319 0.714809 -0.091207
1713668166.493242159 -5.464881 -2.733658 6.826357 0.693258 0.017166 0.714667 -0.091378
1713668166.559852159 -5.464900 -2.733653 6.826329 0.693131 0.017296 0.714806 -0.091230
1713668166.626598159 -5.464914 -2.733649 6.826311 0.693128 0.017416 0.714822 -0.091107
1713668166.693209159 -5.464926 -2.733650 6.826313 0.693128 0.017416 0.714822 -0.091107
1713668166.759873159 -5.464918 -2.733640 6.826309 0.692996 0.017246 0.714972 -0.090964
1713668166.826756159 -5.643231 -2.931059 7.080521 0.693098 0.017023 0.714870 -0.091028
1713668166.893239159 -5.632251 -2.925740 7.065123 0.692925 0.016916 0.715028 -0.091120
1713668166.959814159 -5.671539 -2.931576 7.121020 0.692900 0.017210 0.715040 -0.091166
1713668167.026670159 -5.723961 -2.899558 7.189626 0.693037 0.017174 0.714863 -0.091522
1713668167.093210159 -5.754022 -2.904867 7.231401 0.692934 0.016827 0.714958 -0.091619
1713668167.159995159 -5.806739 -2.903989 7.295518 0.692934 0.016827 0.714958 -0.091619
1713668167.226577159 -5.829508 -2.909542 7.325502 0.692937 0.016707 0.714942 -0.091743
1713668167.293288159 -5.918022 -2.878418 7.294688 0.692949 0.016620 0.714944 -0.091658
1713668167.359952159 -5.911123 -2.731075 7.285901 0.692971 0.016349 0.714932 -0.091635
1713668167.426625159 -5.903297 -2.722524 7.274166 0.693078 0.016489 0.714809 -0.091752
1713668167.493274159 -5.911715 -2.727244 7.286376 0.692975 0.016601 0.714891 -0.091874
1713668167.560104159 -5.941734 -2.742640 7.333507 0.692978 0.016481 0.714875 -0.091997
1713668167.626662159 -5.342303 -2.594228 6.357234 0.692858 0.016375 0.715053 -0.091538
1713668167.693215159 -5.245993 -2.519470 6.268526 0.692737 0.016240 0.715157 -0.091664
1713668167.760062159 -4.451409 -2.029272 5.025667 0.692661 0.016141 0.715243 -0.091581
